# Force       
# CofR        : (0.000000e+00 0.000000e+00 0.000000e+00)
#
# Time        	total_x total_y total_z	pressure_x pressure_y pressure_z	viscous_x viscous_y viscous_z
0.125065       6.014675e+03 2.744544e+04 -1.194472e-15 6.000022e+03 2.744952e+04 -1.194470e-15 1.465329e+01 -4.086099e+00 -2.460693e-21
0.186886       4.605172e+03 2.098421e+04 -1.075375e-15 4.587548e+03 2.098759e+04 -1.075371e-15 1.762387e+01 -3.386561e+00 -3.380735e-21
0.234216       2.959180e+03 1.345784e+04 -1.190574e-15 2.942177e+03 1.346018e+04 -1.190591e-15 1.700371e+01 -2.338290e+00 1.668580e-20
0.27515        1.136905e+03 5.141773e+03 -1.408484e-15 1.124162e+03 5.142932e+03 -1.408556e-15 1.274342e+01 -1.158730e+00 7.154829e-20
0.312389       -8.495232e+02 -3.910706e+03 -1.431263e-15 -8.550402e+02 -3.911727e+03 -1.431389e-15 5.516939e+00 1.020633e+00 1.255206e-19
0.346543       -3.046506e+03 -1.391272e+04 -9.548420e-16 -3.042095e+03 -1.391729e+04 -9.549920e-16 -4.410832e+00 4.572791e+00 1.500477e-19
0.378514       -5.561496e+03 -2.535474e+04 3.340633e-17 -5.544082e+03 -2.536365e+04 3.322984e-17 -1.741320e+01 8.902254e+00 1.764883e-19
0.407536       -8.298173e+03 -3.779531e+04 1.280637e-15 -8.264509e+03 -3.780934e+04 1.280427e-15 -3.366449e+01 1.402588e+01 2.095905e-19
0.434967       -1.136854e+04 -5.173955e+04 2.672740e-15 -1.131399e+04 -5.176042e+04 2.672515e-15 -5.454627e+01 2.087136e+01 2.249922e-19
0.460526       -1.474056e+04 -6.704323e+04 4.085799e-15 -1.466090e+04 -6.707221e+04 4.085597e-15 -7.966403e+01 2.898652e+01 2.023218e-19
0.484558       -1.850034e+04 -8.410329e+04 5.470244e-15 -1.839185e+04 -8.414094e+04 5.470112e-15 -1.084898e+02 3.765110e+01 1.319493e-19
0.507419       -2.256436e+04 -1.025414e+05 6.771490e-15 -2.242398e+04 -1.025875e+05 6.771478e-15 -1.403878e+02 4.609801e+01 1.147858e-20
0.529174       -2.702229e+04 -1.227714e+05 8.029295e-15 -2.684777e+04 -1.228260e+05 8.029446e-15 -1.745166e+02 5.461673e+01 -1.518774e-19
0.549915       -3.182380e+04 -1.445667e+05 9.190728e-15 -3.161365e+04 -1.446294e+05 9.191078e-15 -2.101477e+02 6.272592e+01 -3.501684e-19
0.569825       -3.692098e+04 -1.677121e+05 1.027411e-14 -3.667449e+04 -1.677823e+05 1.027467e-14 -2.464931e+02 7.014806e+01 -5.638991e-19
0.589048       -4.232065e+04 -1.922422e+05 1.130942e-14 -4.203789e+04 -1.923193e+05 1.131020e-14 -2.827637e+02 7.711022e+01 -7.793459e-19
0.607693       -4.788470e+04 -2.175292e+05 1.228638e-14 -4.756656e+04 -2.176125e+05 1.228738e-14 -3.181324e+02 8.326935e+01 -9.960562e-19
0.625845       -5.345784e+04 -2.428626e+05 1.321322e-14 -5.310534e+04 -2.429518e+05 1.321444e-14 -3.525065e+02 8.920649e+01 -1.220233e-18
0.64357        -5.867282e+04 -2.665640e+05 1.401828e-14 -5.828713e+04 -2.666580e+05 1.401972e-14 -3.856934e+02 9.402323e+01 -1.446155e-18
0.660923       -6.346384e+04 -2.883324e+05 1.470186e-14 -6.304616e+04 -2.884302e+05 1.470353e-14 -4.176724e+02 9.773036e+01 -1.665433e-18
0.677941       -6.725652e+04 -3.055393e+05 1.517481e-14 -6.680778e+04 -3.056392e+05 1.517670e-14 -4.487347e+02 9.993404e+01 -1.885664e-18
0.694645       -6.941814e+04 -3.152827e+05 1.532384e-14 -6.893752e+04 -3.153825e+05 1.532589e-14 -4.806246e+02 9.979210e+01 -2.052434e-18
0.711043       -6.746859e+04 -3.061958e+05 1.459555e-14 -6.694924e+04 -3.062864e+05 1.459762e-14 -5.193477e+02 9.050497e+01 -2.069744e-18
0.727129       -4.469715e+04 -2.015927e+05 9.799577e-15 -4.407699e+04 -2.016480e+05 9.800819e-15 -6.201623e+02 5.529178e+01 -1.242320e-18
0.74191        -1.505473e+04 -6.426879e+04 2.716264e-15 -1.405063e+04 -6.428030e+04 2.716399e-15 -1.004099e+03 1.150474e+01 -1.343803e-19
0.751243       -5.952218e+03 -1.885881e+04 1.496749e-15 -4.121324e+03 -1.885466e+04 1.492841e-15 -1.830894e+03 -4.153480e+00 3.908032e-18
0.758081       -1.278354e+04 -4.806966e+04 3.449752e-15 -1.048038e+04 -4.794673e+04 3.440790e-15 -2.303165e+03 -1.229313e+02 8.962191e-18
0.763929       -8.246467e+03 -2.724795e+04 2.468448e-15 -5.903651e+03 -2.700864e+04 2.453088e-15 -2.342816e+03 -2.393096e+02 1.535998e-17
0.769315       -2.967057e+03 -5.383102e+03 1.236036e-15 -1.088647e+03 -4.980455e+03 1.218538e-15 -1.878410e+03 -4.026472e+02 1.749724e-17
0.774413       -3.086520e+03 -4.458997e+03 1.004643e-15 -9.232907e+02 -4.223966e+03 9.866941e-16 -2.163230e+03 -2.350316e+02 1.794859e-17
0.779649       -1.194052e+03 -2.876610e+01 5.852723e-16 4.214387e+01 1.928049e+02 5.759135e-16 -1.236195e+03 -2.215710e+02 9.358803e-18
0.785374       -9.807904e+02 -3.736206e+03 5.767259e-16 -8.044376e+02 -3.680224e+03 5.759109e-16 -1.763528e+02 -5.598139e+01 8.150698e-19
0.791862       -2.715418e+02 -4.247759e+03 4.652103e-16 -9.506054e+02 -4.348928e+03 4.736841e-16 6.790636e+02 1.011694e+02 -8.473792e-18
0.799182       1.368301e+02 -4.943567e+03 3.929549e-16 -1.045130e+03 -4.781368e+03 4.032315e-16 1.181960e+03 -1.621990e+02 -1.027663e-17
0.807588       -7.654029e+01 -6.525569e+03 3.813490e-16 -1.380072e+03 -6.313699e+03 3.963617e-16 1.303532e+03 -2.118702e+02 -1.501266e-17
0.818036       -9.426815e+02 -9.352170e+03 4.039595e-16 -2.016739e+03 -9.226389e+03 4.235396e-16 1.074058e+03 -1.257814e+02 -1.958009e-17
0.831971       -1.607122e+03 -1.055694e+04 3.821004e-16 -2.307690e+03 -1.055746e+04 3.984544e-16 7.005673e+02 5.132370e-01 -1.635398e-17
0.846811       -1.201148e+03 -7.240251e+03 2.911622e-16 -1.596483e+03 -7.303756e+03 3.048223e-16 3.953354e+02 6.350489e+01 -1.366012e-17
0.861554       -9.368684e+02 -5.164683e+03 2.324641e-16 -1.144176e+03 -5.234494e+03 2.414919e-16 2.073073e+02 6.981114e+01 -9.027782e-18
0.876          -1.454422e+03 -7.699490e+03 3.095326e-16 -1.691603e+03 -7.738923e+03 3.122673e-16 2.371816e+02 3.943300e+01 -2.734742e-18
0.890188       -1.329815e+03 -7.480371e+03 3.143170e-16 -1.638452e+03 -7.495759e+03 3.150312e-16 3.086367e+02 1.538829e+01 -7.141742e-19
0.903164       -9.695413e+02 -5.912989e+03 2.691683e-16 -1.292442e+03 -5.912798e+03 2.692584e-16 3.229007e+02 -1.915166e-01 -9.011332e-20
0.914981       -1.045216e+03 -6.241771e+03 2.579102e-16 -1.361562e+03 -6.229015e+03 2.569522e-16 3.163460e+02 -1.275663e+01 9.579545e-19
0.926292       -1.451977e+03 -8.110955e+03 2.949371e-16 -1.768148e+03 -8.089108e+03 2.927493e-16 3.161717e+02 -2.184676e+01 2.187799e-18
0.937509       -1.440311e+03 -8.067926e+03 2.676630e-16 -1.758188e+03 -8.043542e+03 2.645578e-16 3.178776e+02 -2.438385e+01 3.105196e-18
0.948957       -1.381053e+03 -7.762418e+03 2.371723e-16 -1.691833e+03 -7.739974e+03 2.335094e-16 3.107797e+02 -2.244473e+01 3.662830e-18
0.960868       -1.404136e+03 -7.762181e+03 2.429334e-16 -1.692869e+03 -7.744715e+03 2.387737e-16 2.887330e+02 -1.746635e+01 4.159663e-18
0.973454       -1.344471e+03 -7.334788e+03 2.275822e-16 -1.600857e+03 -7.323768e+03 2.228089e-16 2.563865e+02 -1.101954e+01 4.773266e-18
0.986913       -1.381931e+03 -7.367349e+03 2.047884e-16 -1.609488e+03 -7.363254e+03 1.997399e-16 2.275568e+02 -4.094888e+00 5.048414e-18
1.000763       -1.480235e+03 -7.628724e+03 1.936882e-16 -1.667911e+03 -7.630533e+03 1.888158e-16 1.876763e+02 1.808281e+00 4.872373e-18
1.0145547      -1.395960e+03 -7.006379e+03 1.868891e-16 -1.533114e+03 -7.013850e+03 1.824812e-16 1.371544e+02 7.471400e+00 4.407885e-18
1.02820567     -1.019473e+03 -5.140635e+03 1.751443e-16 -1.127196e+03 -5.156815e+03 1.710033e-16 1.077235e+02 1.617938e+01 4.140970e-18
1.041725731    -1.322291e+03 -6.420751e+03 2.162622e-16 -1.406505e+03 -6.434624e+03 2.121886e-16 8.421397e+01 1.387369e+01 4.073596e-18
1.0551761415   -1.423087e+03 -6.823206e+03 1.927268e-16 -1.494738e+03 -6.838284e+03 1.887772e-16 7.165120e+01 1.507743e+01 3.949655e-18
1.06855954207  -1.171333e+03 -5.673869e+03 1.881468e-16 -1.243734e+03 -5.689964e+03 1.846175e-16 7.240144e+01 1.609535e+01 3.529272e-18
1.081848806959 -1.065296e+03 -5.240274e+03 1.748150e-16 -1.149016e+03 -5.256638e+03 1.717141e-16 8.371983e+01 1.636390e+01 3.100858e-18
1.0950464574709 -8.681324e+02 -4.451046e+03 1.598484e-16 -9.742357e+02 -4.457035e+03 1.567906e-16 1.061033e+02 5.988874e+00 3.057738e-18
1.10816914620493 -7.251522e+02 -3.867344e+03 1.613179e-16 -8.453386e+02 -3.867343e+03 1.581705e-16 1.201864e+02 -1.479995e-03 3.147341e-18
1.121222450761656 -7.073884e+02 -3.885109e+03 1.335679e-16 -8.477960e+02 -3.878585e+03 1.304038e-16 1.404076e+02 -6.523792e+00 3.164094e-18
1.134206323710297 -9.713219e+02 -5.166290e+03 1.988946e-16 -1.127324e+03 -5.157400e+03 1.959408e-16 1.560024e+02 -8.889537e+00 2.953848e-18
1.147128535435355 -1.082045e+03 -5.720215e+03 2.127936e-16 -1.247763e+03 -5.708395e+03 2.099609e-16 1.657175e+02 -1.182019e+01 2.832700e-18
1.160007537066649 -1.210338e+03 -6.285237e+03 2.418891e-16 -1.371604e+03 -6.274957e+03 2.390565e-16 1.612659e+02 -1.027965e+01 2.832608e-18
1.172864525756344 -8.003554e+02 -4.250515e+03 1.564559e-16 -9.286436e+02 -4.248455e+03 1.535821e-16 1.282883e+02 -2.060012e+00 2.873772e-18
1.185034678835202 -8.340805e+02 -4.156855e+03 1.737897e-16 -9.106759e+02 -4.166255e+03 1.710023e-16 7.659538e+01 9.399605e+00 2.787358e-18
1.196247798529462 -1.153865e+03 -5.331511e+03 2.316632e-16 -1.170246e+03 -5.353765e+03 2.291513e-16 1.638127e+01 2.225450e+01 2.511884e-18
1.206541462850767 -1.184258e+03 -5.138341e+03 2.257638e-16 -1.130835e+03 -5.173460e+03 2.236989e-16 -5.342377e+01 3.511908e+01 2.064941e-18
1.216194421847527 -1.354548e+03 -5.615117e+03 2.511604e-16 -1.237539e+03 -5.661624e+03 2.494281e-16 -1.170091e+02 4.650699e+01 1.732343e-18
1.225305245153005 -1.331880e+03 -5.240759e+03 2.389032e-16 -1.158357e+03 -5.299372e+03 2.374665e-16 -1.735232e+02 5.861280e+01 1.436692e-18
1.233993586841862 -1.517378e+03 -5.833470e+03 2.623565e-16 -1.289535e+03 -5.899497e+03 2.611332e-16 -2.278431e+02 6.602709e+01 1.223313e-18
1.242282089769313 -1.745351e+03 -6.635052e+03 2.994933e-16 -1.466582e+03 -6.709474e+03 2.985051e-16 -2.787687e+02 7.442163e+01 9.882517e-19
1.249911568403824 -1.911046e+03 -7.121124e+03 3.251671e-16 -1.575967e+03 -7.209897e+03 3.243871e-16 -3.350793e+02 8.877349e+01 7.799456e-19
1.256882125578094 -2.059071e+03 -7.558832e+03 3.481606e-16 -1.674853e+03 -7.662293e+03 3.478848e-16 -3.842176e+02 1.034613e+02 2.758006e-19
1.263338972660132 -2.150017e+03 -7.786039e+03 3.608910e-16 -1.727799e+03 -7.904513e+03 3.613984e-16 -4.222180e+02 1.184741e+02 -5.073324e-19
1.269446746912082 -2.244629e+03 -8.080635e+03 3.742630e-16 -1.794732e+03 -8.210725e+03 3.759724e-16 -4.498972e+02 1.300898e+02 -1.709420e-18
1.27534282379732 -2.328523e+03 -8.425449e+03 3.894599e-16 -1.870138e+03 -8.555703e+03 3.919360e-16 -4.583852e+02 1.302543e+02 -2.476054e-18
1.281124619300725 -2.386068e+03 -8.754015e+03 4.038995e-16 -1.940547e+03 -8.877817e+03 4.067131e-16 -4.455214e+02 1.238013e+02 -2.813540e-18
1.286788094496658 -2.437159e+03 -9.131985e+03 4.206945e-16 -2.021180e+03 -9.246706e+03 4.235784e-16 -4.159791e+02 1.147216e+02 -2.883829e-18
1.292364606283209 -2.413161e+03 -9.220278e+03 4.243833e-16 -2.038276e+03 -9.324917e+03 4.271491e-16 -3.748847e+02 1.046392e+02 -2.765867e-18
1.297873931514353 -2.389829e+03 -9.348626e+03 4.300020e-16 -2.064024e+03 -9.442710e+03 4.325064e-16 -3.258056e+02 9.408448e+01 -2.504374e-18
1.303338195734251 -2.322052e+03 -9.303291e+03 4.275927e-16 -2.051863e+03 -9.387075e+03 4.297217e-16 -2.701893e+02 8.378448e+01 -2.129025e-18
1.30876638337469 -2.402403e+03 -9.938949e+03 4.568365e-16 -2.188786e+03 -1.001349e+04 4.585023e-16 -2.136165e+02 7.453874e+01 -1.665740e-18
1.314174809371333 -2.421199e+03 -1.028913e+04 4.730347e-16 -2.263337e+03 -1.035455e+04 4.741824e-16 -1.578615e+02 6.542156e+01 -1.147716e-18
1.319565819649533 -2.297925e+03 -9.991231e+03 4.591744e-16 -2.196079e+03 -1.004685e+04 4.597857e-16 -1.018455e+02 5.562148e+01 -6.112233e-19
1.324927089484999 -2.254690e+03 -1.003298e+04 4.611071e-16 -2.202883e+03 -1.007798e+04 4.611717e-16 -5.180743e+01 4.500054e+01 -6.466537e-20
1.330261161987275 -2.121727e+03 -9.637350e+03 4.428182e-16 -2.114006e+03 -9.671373e+03 4.423205e-16 -7.720953e+00 3.402355e+01 4.976752e-19
1.335417999417581 -2.110713e+03 -9.751669e+03 4.481022e-16 -2.136876e+03 -9.776001e+03 4.470688e-16 2.616280e+01 2.433270e+01 1.033418e-18
1.340209289272981 -2.189930e+03 -1.023253e+04 4.701931e-16 -2.240269e+03 -1.024901e+04 4.686512e-16 5.033890e+01 1.648135e+01 1.541831e-18
1.344719168002755 -2.123097e+03 -9.998760e+03 4.593975e-16 -2.187875e+03 -1.000932e+04 4.573609e-16 6.477796e+01 1.055674e+01 2.036564e-18
1.349008419850128 -2.099213e+03 -9.888094e+03 4.542885e-16 -2.163068e+03 -9.895829e+03 4.517913e-16 6.385506e+01 7.734572e+00 2.497202e-18
1.353120892718977 -2.013368e+03 -9.449447e+03 4.343547e-16 -2.067067e+03 -9.456633e+03 4.314341e-16 5.369860e+01 7.185668e+00 2.920609e-18
1.357092662957287 -1.943623e+03 -9.080396e+03 4.176769e-16 -1.986437e+03 -9.087761e+03 4.143876e-16 4.281476e+01 7.364914e+00 3.289320e-18
1.360954730798901 -1.891441e+03 -8.780175e+03 4.042608e-16 -1.921085e+03 -8.788779e+03 4.006522e-16 2.964396e+01 8.603986e+00 3.608611e-18
1.364735547922462 -1.856477e+03 -8.558707e+03 3.944698e-16 -1.873136e+03 -8.569415e+03 3.905719e-16 1.665832e+01 1.070813e+01 3.897902e-18
1.368462344840598 -1.811372e+03 -8.291945e+03 3.825721e-16 -1.815492e+03 -8.305702e+03 3.783982e-16 4.119516e+00 1.375706e+01 4.173935e-18
1.372162267262107 -1.792031e+03 -8.142096e+03 3.761596e-16 -1.783642e+03 -8.159993e+03 3.717091e-16 -8.388962e+00 1.789744e+01 4.450520e-18
1.375864994721429 -1.804605e+03 -8.143482e+03 3.767801e-16 -1.785022e+03 -8.166304e+03 3.720439e-16 -1.958280e+01 2.282187e+01 4.736232e-18
1.379605070206495 -1.815604e+03 -8.135099e+03 3.770359e-16 -1.784509e+03 -8.163957e+03 3.719953e-16 -3.109523e+01 2.885717e+01 5.040528e-18
1.383422530555969 -1.878361e+03 -8.355045e+03 3.879488e-16 -1.834171e+03 -8.391155e+03 3.825897e-16 -4.419087e+01 3.610918e+01 5.359077e-18
1.387361463765356 -1.842913e+03 -8.115853e+03 3.776839e-16 -1.783713e+03 -8.160316e+03 3.720108e-16 -5.920002e+01 4.446276e+01 5.673123e-18
1.391466894144597 -1.796542e+03 -7.816096e+03 3.646467e-16 -1.720239e+03 -7.869931e+03 3.586695e-16 -7.630296e+01 5.383419e+01 5.977216e-18
1.395780655524878 -1.804551e+03 -7.754081e+03 3.626282e-16 -1.708972e+03 -7.818382e+03 3.563643e-16 -9.557877e+01 6.430173e+01 6.263882e-18
1.400334121231676 -1.834668e+03 -7.764300e+03 3.640188e-16 -1.713808e+03 -7.840506e+03 3.575123e-16 -1.208605e+02 7.620631e+01 6.506497e-18
1.405144888054802 -1.861302e+03 -7.730618e+03 3.633439e-16 -1.709248e+03 -7.819645e+03 3.566426e-16 -1.520541e+02 8.902714e+01 6.701294e-18
1.410218089709871 -1.875340e+03 -7.639905e+03 3.600050e-16 -1.692233e+03 -7.741803e+03 3.531540e-16 -1.831067e+02 1.018980e+02 6.850966e-18
1.415553600522067 -1.886402e+03 -7.526367e+03 3.555464e-16 -1.670203e+03 -7.641017e+03 3.485809e-16 -2.161996e+02 1.146499e+02 6.965446e-18
1.421152069967917 -1.877459e+03 -7.328924e+03 3.471005e-16 -1.629696e+03 -7.455701e+03 3.400599e-16 -2.477629e+02 1.267772e+02 7.040638e-18
1.427013728685966 -1.869727e+03 -7.139399e+03 3.388883e-16 -1.590617e+03 -7.276922e+03 3.318063e-16 -2.791097e+02 1.375232e+02 7.082002e-18
1.433132477985345 -1.865643e+03 -6.982079e+03 3.320127e-16 -1.558222e+03 -7.128716e+03 3.249262e-16 -3.074208e+02 1.466376e+02 7.086530e-18
1.439493611435584 -1.910649e+03 -7.063751e+03 3.360152e-16 -1.577653e+03 -7.217610e+03 3.289635e-16 -3.329959e+02 1.538594e+02 7.051761e-18
1.446083783595838 -1.908720e+03 -6.948553e+03 3.307262e-16 -1.553575e+03 -7.107455e+03 3.237633e-16 -3.551457e+02 1.589021e+02 6.962912e-18
1.452901103912813 -1.938616e+03 -6.995506e+03 3.327468e-16 -1.564565e+03 -7.157737e+03 3.259446e-16 -3.740511e+02 1.622304e+02 6.802213e-18
1.459967858755971 -1.946718e+03 -6.956101e+03 3.305939e-16 -1.556265e+03 -7.119763e+03 3.240436e-16 -3.904531e+02 1.636616e+02 6.550327e-18
1.467291308310645 -1.931160e+03 -6.820476e+03 3.238006e-16 -1.526434e+03 -6.983290e+03 3.176015e-16 -4.047256e+02 1.628136e+02 6.199084e-18
1.474652967637603 -1.934929e+03 -6.782756e+03 3.214153e-16 -1.517611e+03 -6.942925e+03 3.156184e-16 -4.173182e+02 1.601686e+02 5.796862e-18
1.482016384178392 -1.958959e+03 -6.845988e+03 3.236861e-16 -1.530719e+03 -7.002892e+03 3.182951e-16 -4.282405e+02 1.569046e+02 5.391015e-18
1.48941253631888 -1.992299e+03 -6.953848e+03 3.280941e-16 -1.553761e+03 -7.108307e+03 3.231015e-16 -4.385379e+02 1.544594e+02 4.992607e-18
1.496835048504326 -2.052492e+03 -7.181211e+03 3.381433e-16 -1.603232e+03 -7.334632e+03 3.335357e-16 -4.492604e+02 1.534212e+02 4.607558e-18
1.504291264594153 -2.001379e+03 -6.893984e+03 3.245377e-16 -1.540510e+03 -7.047685e+03 3.202696e-16 -4.608693e+02 1.537006e+02 4.268123e-18
1.511810790054803 -1.958580e+03 -6.637952e+03 3.125221e-16 -1.484885e+03 -6.793206e+03 3.085376e-16 -4.736946e+02 1.552544e+02 3.984498e-18
1.519441       -1.945647e+03 -6.512415e+03 3.066497e-16 -1.458001e+03 -6.670214e+03 3.029078e-16 -4.876458e+02 1.577990e+02 3.741907e-18
1.52696        -1.936210e+03 -6.396078e+03 3.012423e-16 -1.433217e+03 -6.556831e+03 2.977368e-16 -5.029933e+02 1.607529e+02 3.505537e-18
1.534142       -1.935051e+03 -6.317628e+03 2.975967e-16 -1.416682e+03 -6.481185e+03 2.943199e-16 -5.183691e+02 1.635578e+02 3.276865e-18
1.541012       -1.939973e+03 -6.268889e+03 2.953235e-16 -1.406587e+03 -6.434999e+03 2.922728e-16 -5.333859e+02 1.661104e+02 3.050728e-18
1.547639       -1.971897e+03 -6.345514e+03 2.988295e-16 -1.423891e+03 -6.514165e+03 2.960242e-16 -5.480055e+02 1.686513e+02 2.805232e-18
1.5541432      -1.823926e+03 -5.602609e+03 2.644116e-16 -1.261994e+03 -5.773501e+03 2.618618e-16 -5.619324e+02 1.708921e+02 2.549787e-18
1.5606907      -1.834581e+03 -5.588494e+03 2.636686e-16 -1.259348e+03 -5.761395e+03 2.613859e-16 -5.752333e+02 1.729018e+02 2.282715e-18
1.5674583      -1.846666e+03 -5.583380e+03 2.633038e-16 -1.258645e+03 -5.758179e+03 2.613189e-16 -5.880215e+02 1.747990e+02 1.984912e-18
1.5742927      -1.837480e+03 -5.482077e+03 2.584288e-16 -1.236941e+03 -5.658888e+03 2.567844e-16 -6.005383e+02 1.768114e+02 1.644418e-18
1.5812244      -1.813036e+03 -5.312442e+03 2.503737e-16 -1.200387e+03 -5.491657e+03 2.491168e-16 -6.126483e+02 1.792152e+02 1.256938e-18
1.58832567     -1.793812e+03 -5.166486e+03 2.433859e-16 -1.169133e+03 -5.348672e+03 2.425507e-16 -6.246790e+02 1.821858e+02 8.352022e-19
1.59564076     -1.874254e+03 -5.474291e+03 2.574201e-16 -1.237244e+03 -5.660272e+03 2.570257e-16 -6.370098e+02 1.859815e+02 3.944089e-19
1.6031941      -1.817185e+03 -5.148689e+03 2.421737e-16 -1.167017e+03 -5.338990e+03 2.422358e-16 -6.501684e+02 1.903004e+02 -6.207181e-20
1.61099966     -1.785949e+03 -4.934087e+03 2.321036e-16 -1.121211e+03 -5.129434e+03 2.326096e-16 -6.647382e+02 1.953467e+02 -5.059710e-19
1.61879952     -1.735346e+03 -4.614331e+03 2.172394e-16 -1.052570e+03 -4.815407e+03 2.181723e-16 -6.827757e+02 2.010755e+02 -9.328295e-19
1.626442155    -1.755927e+03 -4.600594e+03 2.166002e-16 -1.050996e+03 -4.808208e+03 2.179139e-16 -7.049307e+02 2.076138e+02 -1.313677e-18
1.633943511    -1.683517e+03 -4.139357e+03 1.952968e-16 -9.517600e+02 -4.354211e+03 1.969889e-16 -7.317573e+02 2.148536e+02 -1.692135e-18
1.641320057    -1.676896e+03 -3.954584e+03 1.867541e-16 -9.130514e+02 -4.177123e+03 1.888345e-16 -7.638446e+02 2.225392e+02 -2.080434e-18
1.648583494    -1.699150e+03 -3.876617e+03 1.831984e-16 -8.977202e+02 -4.106984e+03 1.856283e-16 -8.014293e+02 2.303673e+02 -2.429835e-18
1.655742646    -1.702187e+03 -3.692178e+03 1.747580e-16 -8.590851e+02 -3.930232e+03 1.774867e-16 -8.431016e+02 2.380540e+02 -2.728621e-18
1.6628053615   -1.712626e+03 -3.528088e+03 1.672960e-16 -8.248178e+02 -3.773462e+03 1.702671e-16 -8.878081e+02 2.453744e+02 -2.971052e-18
1.6697781914   -1.737095e+03 -3.423713e+03 1.626192e-16 -8.034739e+02 -3.675816e+03 1.657786e-16 -9.336211e+02 2.521030e+02 -3.159356e-18
1.6766666601   -1.759293e+03 -3.310815e+03 1.575731e-16 -7.801410e+02 -3.569070e+03 1.608650e-16 -9.791525e+02 2.582553e+02 -3.291958e-18
1.6834759839   -1.761248e+03 -3.109186e+03 1.484988e-16 -7.376571e+02 -3.374710e+03 1.518619e-16 -1.023590e+03 2.655244e+02 -3.363130e-18
1.690211608    -1.765734e+03 -2.928636e+03 1.404206e-16 -6.997051e+02 -3.201084e+03 1.438237e-16 -1.066028e+03 2.724475e+02 -3.403098e-18
1.69687847232  -1.763638e+03 -2.733592e+03 1.316606e-16 -6.584010e+02 -3.012121e+03 1.350816e-16 -1.105237e+03 2.785292e+02 -3.421004e-18
1.70348057934  -1.806564e+03 -2.761179e+03 1.331831e-16 -6.655976e+02 -3.045045e+03 1.366027e-16 -1.140966e+03 2.838661e+02 -3.419551e-18
1.7100215349   -1.812371e+03 -2.635360e+03 1.275972e-16 -6.391310e+02 -2.923963e+03 1.310033e-16 -1.173240e+03 2.886035e+02 -3.406081e-18
1.71650581209  -1.799852e+03 -2.441095e+03 1.188314e-16 -5.975919e+02 -2.733926e+03 1.222179e-16 -1.202260e+03 2.928313e+02 -3.386528e-18
1.72293832773  -1.786702e+03 -2.258623e+03 1.105962e-16 -5.585389e+02 -2.555262e+03 1.139611e-16 -1.228163e+03 2.966386e+02 -3.364909e-18
1.729323518487 -1.762054e+03 -2.036905e+03 1.005377e-16 -5.108321e+02 -2.337008e+03 1.038808e-16 -1.251222e+03 3.001025e+02 -3.343161e-18
1.735665876529 -1.737437e+03 -1.828141e+03 9.106420e-17 -4.658888e+02 -2.131396e+03 9.438705e-17 -1.271548e+03 3.032554e+02 -3.322850e-18
1.741969216833 -1.712698e+03 -1.628869e+03 8.201586e-17 -4.229726e+02 -1.935059e+03 8.531849e-17 -1.289725e+03 3.061902e+02 -3.302625e-18
1.74823631989  -1.860163e+03 -2.226765e+03 1.098276e-16 -5.542664e+02 -2.535716e+03 1.131108e-16 -1.305897e+03 3.089504e+02 -3.283187e-18
1.754465621734 -1.788267e+03 -1.828468e+03 9.156791e-17 -4.677738e+02 -2.140021e+03 9.483105e-17 -1.320493e+03 3.115529e+02 -3.263139e-18
1.7606603792493 -1.754053e+03 -1.608992e+03 8.157464e-17 -4.203344e+02 -1.922990e+03 8.481649e-17 -1.333719e+03 3.139979e+02 -3.241841e-18
1.7668235049514 -1.723279e+03 -1.410829e+03 7.256507e-17 -3.775282e+02 -1.727155e+03 7.578510e-17 -1.345751e+03 3.163266e+02 -3.220027e-18
1.7729574532066 -1.697464e+03 -1.240152e+03 6.482248e-17 -3.406995e+02 -1.558668e+03 6.801988e-17 -1.356765e+03 3.185156e+02 -3.197394e-18
1.7790642513196 -1.734114e+03 -1.359974e+03 7.050799e-17 -3.673403e+02 -1.680547e+03 7.368264e-17 -1.366774e+03 3.205729e+02 -3.174644e-18
1.7851441806057 -1.740599e+03 -1.346014e+03 6.999694e-17 -3.646957e+02 -1.668448e+03 7.314849e-17 -1.375904e+03 3.224342e+02 -3.151542e-18
1.79119747901265 -1.705021e+03 -1.144643e+03 6.080939e-17 -3.210501e+02 -1.468773e+03 6.393938e-17 -1.383971e+03 3.241306e+02 -3.129995e-18
1.79722576838021 -1.671021e+03 -9.553320e+02 5.216832e-17 -2.800035e+02 -1.280989e+03 5.527856e-17 -1.391018e+03 3.256569e+02 -3.110243e-18
1.8032308231967 -1.664203e+03 -8.948851e+02 4.947517e-17 -2.670861e+02 -1.221893e+03 5.256727e-17 -1.397117e+03 3.270084e+02 -3.092097e-18
1.80921380324162 -1.673170e+03 -9.110042e+02 5.031039e-17 -2.708637e+02 -1.239175e+03 5.338547e-17 -1.402306e+03 3.281711e+02 -3.075074e-18
1.81517531901399 -1.665918e+03 -8.559446e+02 4.784165e-17 -2.590324e+02 -1.185048e+03 5.089866e-17 -1.406886e+03 3.291037e+02 -3.057001e-18
1.821116512288972 -1.664516e+03 -8.287679e+02 4.664844e-17 -2.532257e+02 -1.158483e+03 4.968257e-17 -1.411290e+03 3.297154e+02 -3.034136e-18
1.827038914239354 -1.659095e+03 -7.834552e+02 4.459616e-17 -2.433494e+02 -1.113300e+03 4.759944e-17 -1.415746e+03 3.298450e+02 -3.003276e-18
1.832943993615217 -1.634324e+03 -6.533250e+02 3.860229e-17 -2.148519e+02 -9.829268e+02 4.157225e-17 -1.419472e+03 3.296018e+02 -2.969959e-18
1.83883343414047 -1.631111e+03 -6.264250e+02 3.736826e-17 -2.088558e+02 -9.554953e+02 4.030467e-17 -1.422256e+03 3.290703e+02 -2.936412e-18
1.84470857323779 -1.621283e+03 -5.733298e+02 3.490739e-17 -1.970638e+02 -9.015481e+02 3.780879e-17 -1.424219e+03 3.282182e+02 -2.901397e-18
1.850570697056772 -1.603408e+03 -4.882104e+02 3.095205e-17 -1.782112e+02 -8.152992e+02 3.381800e-17 -1.425197e+03 3.270888e+02 -2.865949e-18
1.856421209318348 -1.584996e+03 -4.040466e+02 2.702772e-17 -1.595023e+02 -7.297079e+02 2.985581e-17 -1.425494e+03 3.256614e+02 -2.828094e-18
1.862261403130649 -1.582700e+03 -3.969661e+02 2.665612e-17 -1.575807e+02 -7.209164e+02 2.944381e-17 -1.425119e+03 3.239503e+02 -2.787688e-18
1.868092347750951 -1.573939e+03 -3.625711e+02 2.500925e-17 -1.496181e+02 -6.844882e+02 2.775216e-17 -1.424321e+03 3.219171e+02 -2.742903e-18
1.873915347251038 -1.517826e+03 -1.138572e+02 1.343978e-17 -9.474015e+01 -4.334271e+02 1.613378e-17 -1.423086e+03 3.195699e+02 -2.693999e-18
1.879732519582998 -1.534180e+03 -1.976210e+02 1.722978e-17 -1.124399e+02 -5.144018e+02 1.986736e-17 -1.421740e+03 3.167808e+02 -2.637577e-18
1.885544738284853 -1.562219e+03 -3.338552e+02 2.342118e-17 -1.414594e+02 -6.471631e+02 2.598940e-17 -1.420760e+03 3.133080e+02 -2.568211e-18
1.891352335335357 -1.562156e+03 -3.492041e+02 2.400158e-17 -1.439722e+02 -6.586588e+02 2.650104e-17 -1.418184e+03 3.094548e+02 -2.499459e-18
1.897155914734999 -1.529927e+03 -2.274731e+02 1.823745e-17 -1.165169e+02 -5.330538e+02 2.067659e-17 -1.413410e+03 3.055808e+02 -2.439147e-18
1.902956593778012 -1.538522e+03 -2.972572e+02 2.132950e-17 -1.309107e+02 -5.989040e+02 2.370988e-17 -1.407612e+03 3.016469e+02 -2.380376e-18
1.90875530709949 -1.536068e+03 -3.089387e+02 2.170698e-17 -1.324015e+02 -6.057241e+02 2.400284e-17 -1.403666e+03 2.967853e+02 -2.295860e-18
1.914552757932048 -1.542094e+03 -3.650371e+02 2.411723e-17 -1.434998e+02 -6.564976e+02 2.632390e-17 -1.398595e+03 2.914605e+02 -2.206664e-18
1.920349377091719 -1.547378e+03 -4.246901e+02 2.667972e-17 -1.553322e+02 -7.106301e+02 2.879925e-17 -1.392046e+03 2.859399e+02 -2.119535e-18
1.92614542313076 -1.567327e+03 -5.577218e+02 3.262778e-17 -1.831780e+02 -8.380218e+02 3.466311e-17 -1.384149e+03 2.803000e+02 -2.035329e-18
1.931940622108522 -1.593468e+03 -7.247511e+02 4.014863e-17 -2.184650e+02 -9.994566e+02 4.210321e-17 -1.375003e+03 2.747056e+02 -1.954574e-18
1.937734524655435 -1.594943e+03 -7.827173e+02 4.263285e-17 -2.299482e+02 -1.051991e+03 4.450877e-17 -1.364995e+03 2.692735e+02 -1.875926e-18
1.943527302004461 -1.588606e+03 -8.069663e+02 4.357166e-17 -2.341230e+02 -1.071090e+03 4.537075e-17 -1.354483e+03 2.641238e+02 -1.799090e-18
1.949319338490204 -1.593368e+03 -8.824706e+02 4.690016e-17 -2.495890e+02 -1.141846e+03 4.862434e-17 -1.343779e+03 2.593750e+02 -1.724180e-18
1.955110566104895 -1.611418e+03 -1.017827e+03 5.301719e-17 -2.782371e+02 -1.272908e+03 5.466996e-17 -1.333181e+03 2.550813e+02 -1.652766e-18
1.960901035546038 -1.576799e+03 -9.104310e+02 4.792907e-17 -2.539259e+02 -1.161687e+03 4.951506e-17 -1.322874e+03 2.512556e+02 -1.585990e-18
1.966691656429394 -1.556351e+03 -8.659253e+02 4.576734e-17 -2.434595e+02 -1.113804e+03 4.729188e-17 -1.312891e+03 2.478788e+02 -1.524536e-18
1.972483155279471 -1.563208e+03 -9.439992e+02 4.928770e-17 -2.598741e+02 -1.188899e+03 5.075719e-17 -1.303334e+03 2.448998e+02 -1.469482e-18
1.978275750418009 -1.542479e+03 -8.941093e+02 4.690260e-17 -2.484054e+02 -1.136431e+03 4.832530e-17 -1.294074e+03 2.423215e+02 -1.422692e-18
1.984069958246769 -1.529162e+03 -8.777496e+02 4.607487e-17 -2.443358e+02 -1.117813e+03 4.746134e-17 -1.284826e+03 2.400633e+02 -1.386466e-18
1.989866366658313 -1.509562e+03 -8.325608e+02 4.391736e-17 -2.340136e+02 -1.070590e+03 4.527790e-17 -1.275548e+03 2.380291e+02 -1.360540e-18
1.995665512204758 -1.490329e+03 -7.901991e+02 4.188685e-17 -2.243391e+02 -1.026330e+03 4.323149e-17 -1.265989e+03 2.361310e+02 -1.344637e-18
2.001467944166631 -1.483140e+03 -8.025725e+02 4.238538e-17 -2.266585e+02 -1.036941e+03 4.372100e-17 -1.256482e+03 2.343685e+02 -1.335622e-18
2.007274040778164 -1.477130e+03 -8.193604e+02 4.309177e-17 -2.299704e+02 -1.052093e+03 4.442383e-17 -1.247159e+03 2.327321e+02 -1.332059e-18
2.013083734918983 -1.498119e+03 -9.587265e+02 4.946991e-17 -2.601006e+02 -1.189935e+03 5.080314e-17 -1.238018e+03 2.312088e+02 -1.333231e-18
2.018896549556259 -1.480626e+03 -9.210339e+02 4.766252e-17 -2.515443e+02 -1.150791e+03 4.900028e-17 -1.229081e+03 2.297570e+02 -1.337765e-18
2.02471277526342 -1.450341e+03 -8.243880e+02 4.313014e-17 -2.301103e+02 -1.052733e+03 4.447473e-17 -1.220231e+03 2.283445e+02 -1.344585e-18
2.030533068589254 -1.447630e+03 -8.533162e+02 4.440544e-17 -2.361284e+02 -1.080265e+03 4.575753e-17 -1.211502e+03 2.269487e+02 -1.352093e-18
2.036357323433055 -1.432039e+03 -8.223849e+02 4.291109e-17 -2.290521e+02 -1.047892e+03 4.427010e-17 -1.202987e+03 2.255068e+02 -1.359013e-18
2.04218571198917 -1.414704e+03 -7.824979e+02 4.100186e-17 -2.200120e+02 -1.006534e+03 4.236694e-17 -1.194692e+03 2.240358e+02 -1.365081e-18
2.048018581771503 -1.404659e+03 -7.749457e+02 4.058670e-17 -2.180287e+02 -9.974604e+02 4.195679e-17 -1.186630e+03 2.225147e+02 -1.370085e-18
2.053855921651392 -1.413998e+03 -8.549651e+02 4.421957e-17 -2.351729e+02 -1.075894e+03 4.559294e-17 -1.178825e+03 2.209285e+02 -1.373370e-18
2.059697291957307 -1.412916e+03 -8.859432e+02 4.558358e-17 -2.415850e+02 -1.105228e+03 4.695815e-17 -1.171331e+03 2.192850e+02 -1.374567e-18
2.065542633136922 -1.399880e+03 -8.606068e+02 4.434374e-17 -2.356783e+02 -1.078205e+03 4.571690e-17 -1.164202e+03 2.175987e+02 -1.373158e-18
2.071392080707007 -1.400439e+03 -8.956618e+02 4.589717e-17 -2.429643e+02 -1.111538e+03 4.726650e-17 -1.157474e+03 2.158764e+02 -1.369329e-18
2.077245600174115 -1.385662e+03 -8.579640e+02 4.408870e-17 -2.343464e+02 -1.072112e+03 4.545172e-17 -1.151315e+03 2.141483e+02 -1.363020e-18
2.083103392333959 -1.385276e+03 -8.834323e+02 4.520370e-17 -2.395354e+02 -1.095851e+03 4.655761e-17 -1.145741e+03 2.124191e+02 -1.353916e-18
2.088965486274091 -1.375416e+03 -8.627085e+02 4.418641e-17 -2.346335e+02 -1.073426e+03 4.552812e-17 -1.140782e+03 2.107174e+02 -1.341710e-18
2.094832100325574 -1.363195e+03 -8.281273e+02 4.253315e-17 -2.267121e+02 -1.037186e+03 4.385940e-17 -1.136483e+03 2.090586e+02 -1.326251e-18
2.100703471425132 -1.359281e+03 -8.279445e+02 4.247714e-17 -2.263245e+02 -1.035413e+03 4.378494e-17 -1.132956e+03 2.074683e+02 -1.307798e-18
2.106579725136245 -1.346133e+03 -7.813859e+02 4.028381e-17 -2.158193e+02 -9.873527e+02 4.156943e-17 -1.130314e+03 2.059668e+02 -1.285626e-18
2.112461107918405 -1.353621e+03 -8.246409e+02 4.225147e-17 -2.249666e+02 -1.029201e+03 4.351187e-17 -1.128655e+03 2.045599e+02 -1.260409e-18
2.118347511715419 -1.365403e+03 -8.823876e+02 4.490130e-17 -2.373251e+02 -1.085739e+03 4.613410e-17 -1.128078e+03 2.033517e+02 -1.232802e-18
2.124238644374727 -1.393355e+03 -1.008080e+03 5.070541e-17 -2.645789e+02 -1.210423e+03 5.190719e-17 -1.128776e+03 2.023428e+02 -1.201775e-18
2.130133832200553 -1.406224e+03 -1.057880e+03 5.301661e-17 -2.753097e+02 -1.259516e+03 5.418516e-17 -1.130914e+03 2.016352e+02 -1.168556e-18
2.13603284795854 -1.406649e+03 -1.042761e+03 5.234719e-17 -2.719333e+02 -1.244069e+03 5.348038e-17 -1.134716e+03 2.013073e+02 -1.133188e-18
2.141935743566191 -1.395509e+03 -9.661300e+02 4.885647e-17 -2.552019e+02 -1.167524e+03 4.995182e-17 -1.140307e+03 2.013944e+02 -1.095343e-18
2.147843133553438 -1.392808e+03 -9.197751e+02 4.678957e-17 -2.451868e+02 -1.121706e+03 4.784492e-17 -1.147621e+03 2.019308e+02 -1.055349e-18
2.15375550442877 -1.392300e+03 -8.754128e+02 4.483973e-17 -2.357107e+02 -1.078354e+03 4.585336e-17 -1.156590e+03 2.029409e+02 -1.013631e-18
2.159673050245496 -1.419230e+03 -9.483598e+02 4.834344e-17 -2.519929e+02 -1.152844e+03 4.931541e-17 -1.167237e+03 2.044838e+02 -9.719649e-19
2.165595321927752 -1.452434e+03 -1.042098e+03 5.283596e-17 -2.729444e+02 -1.248694e+03 5.376845e-17 -1.179489e+03 2.065964e+02 -9.324969e-19
2.17152168162221 -1.490700e+03 -1.152183e+03 5.810792e-17 -2.975895e+02 -1.361443e+03 5.900494e-17 -1.193110e+03 2.092608e+02 -8.970205e-19
2.177451485651567 -1.512819e+03 -1.182754e+03 5.972147e-17 -3.049645e+02 -1.395183e+03 6.058898e-17 -1.207855e+03 2.124289e+02 -8.675049e-19
2.183384542365221 -1.513071e+03 -1.109054e+03 5.652413e-17 -2.896349e+02 -1.325052e+03 5.736998e-17 -1.223436e+03 2.159976e+02 -8.458508e-19
2.189321292509163 -1.507110e+03 -1.003641e+03 5.186178e-17 -2.674192e+02 -1.223417e+03 5.269389e-17 -1.239691e+03 2.197762e+02 -8.321048e-19
2.19526241526363 -1.522080e+03 -9.915586e+02 5.151391e-17 -2.656448e+02 -1.215300e+03 5.234152e-17 -1.256435e+03 2.237411e+02 -8.276108e-19
2.201208096983712 -1.545869e+03 -1.019011e+03 5.298618e-17 -2.725295e+02 -1.246796e+03 5.381948e-17 -1.273339e+03 2.277853e+02 -8.332980e-19
2.20715816600869 -1.572313e+03 -1.059614e+03 5.506040e-17 -2.822816e+02 -1.291411e+03 5.590958e-17 -1.290031e+03 2.317971e+02 -8.491827e-19
2.213112493738148 -1.595452e+03 -1.090776e+03 5.665604e-17 -2.899080e+02 -1.326301e+03 5.753038e-17 -1.305544e+03 2.355251e+02 -8.743421e-19
2.219070687125557 -1.619348e+03 -1.128523e+03 5.853795e-17 -2.989385e+02 -1.367615e+03 5.944484e-17 -1.320410e+03 2.390920e+02 -9.068849e-19
2.225032563939906 -1.607019e+03 -1.005338e+03 5.295954e-17 -2.727192e+02 -1.247664e+03 5.390585e-17 -1.334300e+03 2.423260e+02 -9.463075e-19
2.230998786275949 -1.626302e+03 -1.032167e+03 5.429436e-17 -2.791997e+02 -1.277312e+03 5.528446e-17 -1.347103e+03 2.451452e+02 -9.901056e-19
2.236969413245339 -1.654596e+03 -1.106735e+03 5.780149e-17 -2.959695e+02 -1.354032e+03 5.883758e-17 -1.358626e+03 2.472971e+02 -1.036093e-18
2.242943944345018 -1.678433e+03 -1.168080e+03 6.066866e-17 -3.097261e+02 -1.416967e+03 6.175172e-17 -1.368706e+03 2.488868e+02 -1.083058e-18
2.248922046776394 -1.699234e+03 -1.223777e+03 6.325032e-17 -3.221340e+02 -1.473732e+03 6.437885e-17 -1.377100e+03 2.499555e+02 -1.128530e-18
2.254903197287236 -1.725347e+03 -1.311819e+03 6.730925e-17 -3.415034e+02 -1.562345e+03 6.847811e-17 -1.383843e+03 2.505264e+02 -1.168862e-18
2.260886791533526 -1.746734e+03 -1.385865e+03 7.070592e-17 -3.577111e+02 -1.636494e+03 7.190736e-17 -1.389023e+03 2.506287e+02 -1.201435e-18
2.266873023853251 -1.704890e+03 -1.177562e+03 6.103468e-17 -3.121045e+02 -1.427848e+03 6.225894e-17 -1.392785e+03 2.502858e+02 -1.224255e-18
2.272862652375598 -1.726842e+03 -1.267624e+03 6.514728e-17 -3.316424e+02 -1.517232e+03 6.638930e-17 -1.395200e+03 2.496080e+02 -1.242025e-18
2.278855231492345 -1.733017e+03 -1.291539e+03 6.619591e-17 -3.366525e+02 -1.540153e+03 6.744651e-17 -1.396365e+03 2.486136e+02 -1.250602e-18
2.284850550905145 -1.737801e+03 -1.314560e+03 6.720063e-17 -3.414091e+02 -1.561914e+03 6.844933e-17 -1.396392e+03 2.473538e+02 -1.248697e-18
2.290848379907024 -1.753273e+03 -1.391335e+03 7.068925e-17 -3.578704e+02 -1.637223e+03 7.192733e-17 -1.395402e+03 2.458873e+02 -1.238079e-18
2.296848358841387 -1.762385e+03 -1.441196e+03 7.293583e-17 -3.684133e+02 -1.685456e+03 7.415157e-17 -1.393972e+03 2.442594e+02 -1.215744e-18
2.302850590186065 -1.736301e+03 -1.332601e+03 6.786070e-17 -3.443201e+02 -1.575231e+03 6.904731e-17 -1.391981e+03 2.426300e+02 -1.186606e-18
2.308855488960516 -1.737928e+03 -1.353209e+03 6.876414e-17 -3.484554e+02 -1.594150e+03 6.991369e-17 -1.389473e+03 2.409406e+02 -1.149548e-18
2.314862995890584 -1.747411e+03 -1.410113e+03 7.134683e-17 -3.604770e+02 -1.649148e+03 7.244553e-17 -1.386934e+03 2.390346e+02 -1.098699e-18
2.320872753107483 -1.741062e+03 -1.395781e+03 7.063850e-17 -3.569137e+02 -1.632846e+03 7.167919e-17 -1.384148e+03 2.370652e+02 -1.040691e-18
2.326884950814448 -1.721511e+03 -1.322084e+03 6.718213e-17 -3.403860e+02 -1.557233e+03 6.816671e-17 -1.381125e+03 2.351494e+02 -9.845776e-19
2.332900014872694 -1.742921e+03 -1.436901e+03 7.244011e-17 -3.650659e+02 -1.670142e+03 7.337245e-17 -1.377855e+03 2.332404e+02 -9.323356e-19
2.338917691988491 -1.713244e+03 -1.319284e+03 6.695385e-17 -3.389513e+02 -1.550670e+03 6.783140e-17 -1.374292e+03 2.313853e+02 -8.775467e-19
2.344938314595523 -1.715247e+03 -1.347870e+03 6.823655e-17 -3.448688e+02 -1.577742e+03 6.906686e-17 -1.370378e+03 2.298714e+02 -8.303114e-19
2.350961701332412 -1.710363e+03 -1.345648e+03 6.809362e-17 -3.440501e+02 -1.573996e+03 6.888049e-17 -1.366313e+03 2.283484e+02 -7.868732e-19
2.356987863846972 -1.706515e+03 -1.348855e+03 6.819213e-17 -3.443638e+02 -1.575431e+03 6.893423e-17 -1.362151e+03 2.265761e+02 -7.420961e-19
2.363016695434855 -1.709449e+03 -1.383833e+03 6.975406e-17 -3.515992e+02 -1.608533e+03 7.045271e-17 -1.357850e+03 2.246992e+02 -6.986573e-19
2.369047653462053 -1.746117e+03 -1.574013e+03 7.848976e-17 -3.927618e+02 -1.796848e+03 7.914908e-17 -1.353355e+03 2.228347e+02 -6.593190e-19
2.375080112430015 -1.731561e+03 -1.529951e+03 7.639007e-17 -3.827218e+02 -1.750916e+03 7.701345e-17 -1.348839e+03 2.209644e+02 -6.233818e-19
2.381114069129953 -1.701226e+03 -1.413489e+03 7.093747e-17 -3.568398e+02 -1.632508e+03 7.152844e-17 -1.344386e+03 2.190189e+02 -5.909676e-19
2.38715002781208 -1.692783e+03 -1.396945e+03 7.010906e-17 -3.528205e+02 -1.614120e+03 7.066747e-17 -1.339962e+03 2.171749e+02 -5.584026e-19
2.39318815953796 -1.690475e+03 -1.408011e+03 7.056216e-17 -3.548739e+02 -1.623514e+03 7.109099e-17 -1.335601e+03 2.155030e+02 -5.288286e-19
2.399228202182934 -1.692460e+03 -1.437741e+03 7.188096e-17 -3.610335e+02 -1.651694e+03 7.238256e-17 -1.331427e+03 2.139523e+02 -5.016019e-19
2.405269922360922 -1.689650e+03 -1.444813e+03 7.215220e-17 -3.622539e+02 -1.657277e+03 7.262863e-17 -1.327396e+03 2.124641e+02 -4.764321e-19
2.411313423902188 -1.659841e+03 -1.328217e+03 6.670517e-17 -3.364586e+02 -1.539266e+03 6.715890e-17 -1.323383e+03 2.110492e+02 -4.537271e-19
2.417359370814116 -1.663332e+03 -1.363323e+03 6.827333e-17 -3.438338e+02 -1.573006e+03 6.870651e-17 -1.319498e+03 2.096830e+02 -4.331768e-19
2.423407784248836 -1.656990e+03 -1.353554e+03 6.776562e-17 -3.414119e+02 -1.561927e+03 6.818126e-17 -1.315578e+03 2.083724e+02 -4.156352e-19
2.429458495849409 -1.690173e+03 -1.524667e+03 7.562118e-17 -3.785315e+02 -1.731746e+03 7.602089e-17 -1.311641e+03 2.070781e+02 -3.997041e-19
2.435510638560123 -1.724022e+03 -1.699055e+03 8.362599e-17 -4.163678e+02 -1.904843e+03 8.401131e-17 -1.307654e+03 2.057877e+02 -3.853192e-19
2.441563050565803 -1.716435e+03 -1.684503e+03 8.289058e-17 -4.129022e+02 -1.888988e+03 8.326302e-17 -1.303533e+03 2.044853e+02 -3.724461e-19
2.447615818884731 -1.675926e+03 -1.520005e+03 7.522205e-17 -3.766697e+02 -1.723228e+03 7.558406e-17 -1.299256e+03 2.032232e+02 -3.620109e-19
2.453669616752912 -1.663024e+03 -1.481616e+03 7.338512e-17 -3.680077e+02 -1.683600e+03 7.373865e-17 -1.295016e+03 2.019843e+02 -3.535277e-19
2.459724583582316 -1.650751e+03 -1.446290e+03 7.168908e-17 -3.600171e+02 -1.647044e+03 7.203554e-17 -1.290734e+03 2.007543e+02 -3.464669e-19
2.4657808861737 -1.639779e+03 -1.417063e+03 7.027665e-17 -3.533510e+02 -1.616547e+03 7.061631e-17 -1.286428e+03 1.994845e+02 -3.396616e-19
2.471838675875648 -1.641360e+03 -1.449934e+03 7.172449e-17 -3.602074e+02 -1.647914e+03 7.205974e-17 -1.281153e+03 1.979806e+02 -3.352535e-19
2.477897800916696 -1.606116e+03 -1.315898e+03 6.542701e-17 -3.305696e+02 -1.512324e+03 6.575793e-17 -1.275546e+03 1.964265e+02 -3.309143e-19
2.483958613302853 -1.605947e+03 -1.342708e+03 6.657826e-17 -3.360896e+02 -1.537578e+03 6.690378e-17 -1.269857e+03 1.948693e+02 -3.255129e-19
2.490021179288469 -1.633657e+03 -1.497269e+03 7.364171e-17 -3.695285e+02 -1.690557e+03 7.396100e-17 -1.264129e+03 1.932887e+02 -3.192867e-19
2.496084571250613 -1.628215e+03 -1.500640e+03 7.371628e-17 -3.699151e+02 -1.692326e+03 7.402910e-17 -1.258300e+03 1.916862e+02 -3.128208e-19
