# Moment      
# CofR        : (0.000000e+00 0.000000e+00 0.000000e+00)
#
# Time        	total_x total_y total_z	pressure_x pressure_y pressure_z	viscous_x viscous_y viscous_z
0.125065       -5.539348e-15 7.360460e-14 1.660062e+06 -5.539336e-15 7.360445e-14 1.660381e+06 -1.216983e-20 1.481608e-19 -3.194335e+02
0.186886       -4.960601e-15 6.638661e-14 1.272482e+06 -4.960585e-15 6.638640e-14 1.272773e+06 -1.635864e-20 2.052110e-19 -2.903302e+02
0.234216       -5.487053e-15 7.352095e-14 8.203576e+05 -5.487132e-15 7.352197e-14 8.205803e+05 7.889374e-20 -1.021271e-18 -2.227253e+02
0.27515        -6.501030e-15 8.693310e-14 3.204223e+05 -6.501366e-15 8.693749e-14 3.205519e+05 3.366660e-19 -4.386635e-18 -1.295595e+02
0.312389       -6.605244e-15 8.834330e-14 -2.242441e+05 -6.605833e-15 8.835100e-14 -2.242834e+05 5.889974e-19 -7.703152e-18 3.925050e+01
0.346543       -4.373524e-15 5.908786e-14 -8.266776e+05 -4.374225e-15 5.909708e-14 -8.269829e+05 7.008585e-19 -9.223151e-18 3.053085e+02
0.378514       2.439071e-16 -1.651431e-15 -1.516752e+06 2.430896e-16 -1.640551e-15 -1.517386e+06 8.174892e-19 -1.087984e-17 6.338606e+02
0.407536       6.059248e-15 -7.836371e-14 -2.267796e+06 6.058284e-15 -7.835075e-14 -2.268822e+06 9.635794e-19 -1.295358e-17 1.026439e+03
0.434967       1.253640e-14 -1.640491e-13 -3.110504e+06 1.253537e-14 -1.640352e-13 -3.112051e+06 1.028194e-18 -1.393381e-17 1.546636e+03
0.460526       1.909642e-14 -2.510914e-13 -4.036357e+06 1.909550e-14 -2.510788e-13 -4.038521e+06 9.200474e-19 -1.255062e-17 2.164853e+03
0.484558       2.550966e-14 -3.364348e-13 -5.069464e+06 2.550906e-14 -3.364266e-13 -5.072299e+06 5.961514e-19 -8.202958e-18 2.834388e+03
0.507419       3.152543e-14 -4.167045e-13 -6.186906e+06 3.152539e-14 -4.167038e-13 -6.190411e+06 4.527803e-20 -7.437094e-19 3.504912e+03
0.529174       3.733161e-14 -4.943347e-13 -7.413842e+06 3.733231e-14 -4.943441e-13 -7.418032e+06 -6.998667e-19 9.379255e-18 4.190116e+03
0.549915       4.268392e-14 -5.660582e-13 -8.736534e+06 4.268552e-14 -5.660798e-13 -8.741391e+06 -1.603976e-18 2.166889e-17 4.856987e+03
0.569825       4.767139e-14 -6.329851e-13 -1.014188e+07 4.767397e-14 -6.330201e-13 -1.014736e+07 -2.577492e-18 3.491997e-17 5.484722e+03
0.589048       5.243310e-14 -6.969631e-13 -1.163184e+07 5.243666e-14 -6.970114e-13 -1.163793e+07 -3.557780e-18 4.828223e-17 6.083496e+03
0.607693       5.692322e-14 -7.573497e-13 -1.316825e+07 5.692777e-14 -7.574114e-13 -1.317488e+07 -4.545624e-18 6.171458e-17 6.628073e+03
0.625845       6.118056e-14 -8.146491e-13 -1.470789e+07 6.118613e-14 -8.147247e-13 -1.471505e+07 -5.571394e-18 7.559192e-17 7.153685e+03
0.64357        6.487523e-14 -8.644351e-13 -1.614873e+07 6.488184e-14 -8.645247e-13 -1.615634e+07 -6.609668e-18 8.955664e-17 7.604103e+03
0.660923       6.800849e-14 -9.067269e-13 -1.747235e+07 6.801611e-14 -9.068300e-13 -1.748033e+07 -7.619768e-18 1.030998e-16 7.979884e+03
0.677941       7.016923e-14 -9.360194e-13 -1.851918e+07 7.017786e-14 -9.361361e-13 -1.852744e+07 -8.636350e-18 1.166924e-16 8.258041e+03
0.694645       7.083605e-14 -9.453135e-13 -1.911309e+07 7.084546e-14 -9.454405e-13 -1.912149e+07 -9.411127e-18 1.269626e-16 8.393922e+03
0.711043       6.746031e-14 -9.004285e-13 -1.856393e+07 6.746982e-14 -9.005565e-13 -1.857193e+07 -9.512232e-18 1.279340e-16 7.992419e+03
0.727129       4.527982e-14 -6.046174e-13 -1.221853e+07 4.528559e-14 -6.046939e-13 -1.222480e+07 -5.771538e-18 7.650590e-17 6.263742e+03
0.74191        1.243463e-14 -1.681201e-13 -3.909569e+06 1.243539e-14 -1.681278e-13 -3.914872e+06 -7.577651e-19 7.664966e-18 5.303187e+03
0.751243       6.825100e-15 -9.276213e-14 -1.154718e+06 6.807598e-15 -9.251847e-14 -1.162805e+06 1.750244e-17 -2.436579e-16 8.086779e+03
0.758081       1.587860e-14 -2.131243e-13 -2.922789e+06 1.583817e-14 -2.125669e-13 -2.925644e+06 4.043463e-17 -5.574171e-16 2.855738e+03
0.763929       1.137069e-14 -1.524592e-13 -1.655818e+06 1.130114e-14 -1.515050e-13 -1.651619e+06 6.954518e-17 -9.542136e-16 -4.199157e+03
0.769315       5.682187e-15 -7.639410e-14 -3.293685e+05 5.602829e-15 -7.530774e-14 -3.128716e+05 7.935787e-17 -1.086366e-15 -1.649691e+04
0.774413       4.622435e-15 -6.207446e-14 -2.687941e+05 4.540945e-15 -6.096046e-14 -2.640196e+05 8.149054e-17 -1.113997e-15 -4.774505e+03
0.779649       2.699231e-15 -3.613352e-14 -1.363350e+03 2.656840e-15 -3.555220e-14 6.800749e+03 4.239155e-17 -5.813185e-16 -8.164099e+03
0.785374       2.669838e-15 -3.556004e-14 -2.285319e+05 2.666309e-15 -3.550866e-14 -2.258122e+05 3.528157e-18 -5.137701e-17 -2.719638e+03
0.791862       2.162862e-15 -2.864177e-14 -2.613089e+05 2.201394e-15 -2.916744e-14 -2.644601e+05 -3.853138e-17 5.256667e-16 3.151200e+03
0.799182       1.834987e-15 -2.415634e-14 -3.048693e+05 1.881743e-15 -2.479373e-14 -2.893804e+05 -4.675617e-17 6.373811e-16 -1.548892e+04
0.807588       1.788356e-15 -2.340828e-14 -4.000722e+05 1.856686e-15 -2.433928e-14 -3.809474e+05 -6.833081e-17 9.309982e-16 -1.912479e+04
0.818036       1.898446e-15 -2.477761e-14 -5.687735e+05 1.987556e-15 -2.599190e-14 -5.560499e+05 -8.911027e-17 1.214286e-15 -1.272363e+04
0.831971       1.797489e-15 -2.342873e-14 -6.391950e+05 1.871964e-15 -2.444274e-14 -6.360223e+05 -7.447431e-17 1.014003e-15 -3.172745e+03
0.846811       1.366821e-15 -1.786595e-14 -4.381303e+05 1.429102e-15 -1.871258e-14 -4.402558e+05 -6.228170e-17 8.466313e-16 2.125531e+03
0.861554       1.087101e-15 -1.428327e-14 -3.124544e+05 1.128363e-15 -1.484233e-14 -3.158254e+05 -4.126189e-17 5.590658e-16 3.371063e+03
0.876          1.449240e-15 -1.901064e-14 -4.652018e+05 1.461834e-15 -1.917956e-14 -4.665494e+05 -1.259460e-17 1.689189e-16 1.347593e+03
0.890188       1.474580e-15 -1.929104e-14 -4.521305e+05 1.477911e-15 -1.933496e-14 -4.516601e+05 -3.331299e-18 4.391973e-17 -4.704353e+02
0.903164       1.262451e-15 -1.652152e-14 -3.578405e+05 1.262888e-15 -1.652699e-14 -3.563394e+05 -4.364375e-19 5.468064e-18 -1.501058e+03
0.914981       1.207884e-15 -1.583857e-14 -3.777237e+05 1.203513e-15 -1.577921e-14 -3.754727e+05 4.370907e-18 -5.935766e-17 -2.251009e+03
0.926292       1.379210e-15 -1.812197e-14 -4.904459e+05 1.369218e-15 -1.798646e-14 -4.876308e+05 9.992362e-18 -1.355168e-16 -2.815131e+03
0.937509       1.250430e-15 -1.645182e-14 -4.877798e+05 1.236250e-15 -1.625946e-14 -4.847987e+05 1.417976e-17 -1.923543e-16 -2.981174e+03
0.948957       1.105734e-15 -1.458803e-14 -4.693900e+05 1.089011e-15 -1.436112e-14 -4.665613e+05 1.672315e-17 -2.269113e-16 -2.828715e+03
0.960868       1.133154e-15 -1.493982e-14 -4.693163e+05 1.114156e-15 -1.468216e-14 -4.668971e+05 1.899873e-17 -2.576570e-16 -2.419186e+03
0.973454       1.061355e-15 -1.399664e-14 -4.434569e+05 1.039548e-15 -1.370100e-14 -4.415857e+05 2.180657e-17 -2.956404e-16 -1.871150e+03
0.986913       9.546542e-16 -1.259662e-14 -4.453568e+05 9.316143e-16 -1.228383e-14 -4.440475e+05 2.303992e-17 -3.127904e-16 -1.309297e+03
1.000763       9.037109e-16 -1.191017e-14 -4.608852e+05 8.815274e-16 -1.160804e-14 -4.601274e+05 2.218354e-17 -3.021255e-16 -7.577703e+02
1.0145547      8.733344e-16 -1.148592e-14 -4.230482e+05 8.533517e-16 -1.121220e-14 -4.228781e+05 1.998273e-17 -2.737172e-16 -1.700984e+02
1.02820567     8.179293e-16 -1.076649e-14 -3.105009e+05 7.991588e-16 -1.050934e-14 -3.110023e+05 1.877047e-17 -2.571527e-16 5.013804e+02
1.041725731    1.009318e-15 -1.329699e-14 -3.876936e+05 9.907951e-16 -1.304429e-14 -3.881647e+05 1.852299e-17 -2.527038e-16 4.710780e+02
1.0551761415   9.027250e-16 -1.183505e-14 -4.115183e+05 8.847388e-16 -1.159015e-14 -4.121220e+05 1.798619e-17 -2.448928e-16 6.037101e+02
1.06855954207  8.805801e-16 -1.155696e-14 -3.424669e+05 8.645299e-16 -1.133804e-14 -3.431275e+05 1.605024e-17 -2.189262e-16 6.606226e+02
1.081848806959 8.168791e-16 -1.074401e-14 -3.163995e+05 8.028047e-16 -1.055154e-14 -3.170219e+05 1.407443e-17 -1.924768e-16 6.223760e+02
1.0950464574709 7.437878e-16 -9.838613e-15 -2.691974e+05 7.298771e-16 -9.648959e-15 -2.690772e+05 1.391065e-17 -1.896542e-16 -1.202291e+02
1.10816914620493 7.503131e-16 -9.930488e-15 -2.342350e+05 7.359565e-16 -9.735451e-15 -2.336799e+05 1.435654e-17 -1.950367e-16 -5.550414e+02
1.121222450761656 6.210069e-16 -8.223329e-15 -2.351308e+05 6.065544e-16 -8.027343e-15 -2.340787e+05 1.445252e-17 -1.959854e-16 -1.052147e+03
1.134206323710297 9.249778e-16 -1.224416e-14 -3.127280e+05 9.114965e-16 -1.206115e-14 -3.114563e+05 1.348138e-17 -1.830121e-16 -1.271697e+03
1.147128535435355 9.897678e-16 -1.309911e-14 -3.462057e+05 9.768416e-16 -1.292359e-14 -3.447079e+05 1.292614e-17 -1.755167e-16 -1.497852e+03
1.160007537066649 1.121920e-15 -1.490471e-14 -3.807068e+05 1.108988e-15 -1.472923e-14 -3.793242e+05 1.293223e-17 -1.754812e-16 -1.382561e+03
1.172864525756344 7.252479e-16 -9.642410e-15 -2.574917e+05 7.121258e-16 -9.464387e-15 -2.567694e+05 1.312212e-17 -1.780224e-16 -7.223700e+02
1.185034678835202 8.042200e-16 -1.071700e-14 -2.519380e+05 7.915048e-16 -1.054427e-14 -2.521627e+05 1.271518e-17 -1.727258e-16 2.246733e+02
1.196247798529462 1.070629e-15 -1.429227e-14 -3.229850e+05 1.059204e-15 -1.413646e-14 -3.242823e+05 1.142560e-17 -1.558061e-16 1.297301e+03
1.206541462850767 1.044108e-15 -1.392492e-14 -3.108867e+05 1.034769e-15 -1.379659e-14 -3.133025e+05 9.338965e-18 -1.283288e-16 2.415828e+03
1.216194421847527 1.162087e-15 -1.548896e-14 -3.394598e+05 1.154281e-15 -1.538117e-14 -3.428736e+05 7.805285e-18 -1.077938e-16 3.413774e+03
1.225305245153005 1.104961e-15 -1.473494e-14 -3.166035e+05 1.098511e-15 -1.464544e-14 -3.210257e+05 6.450200e-18 -8.950227e-17 4.422191e+03
1.233993586841862 1.212776e-15 -1.618451e-14 -3.522800e+05 1.207283e-15 -1.610831e-14 -3.574143e+05 5.493469e-18 -7.620354e-17 5.134245e+03
1.242282089769313 1.383957e-15 -1.847768e-14 -4.006722e+05 1.379501e-15 -1.841620e-14 -4.065637e+05 4.455977e-18 -6.147821e-17 5.891501e+03
1.249911568403824 1.502043e-15 -2.006418e-14 -4.299538e+05 1.498491e-15 -2.001583e-14 -4.369942e+05 3.552005e-18 -4.835832e-17 7.040488e+03
1.256882125578094 1.607869e-15 -2.148475e-14 -4.563223e+05 1.606617e-15 -2.146763e-14 -4.644979e+05 1.251630e-18 -1.712042e-17 8.175566e+03
1.263338972660132 1.666421e-15 -2.227144e-14 -4.699592e+05 1.668799e-15 -2.230259e-14 -4.792353e+05 -2.377414e-18 3.114949e-17 9.276135e+03
1.269446746912082 1.728049e-15 -2.309719e-14 -4.876979e+05 1.736048e-15 -2.320220e-14 -4.978160e+05 -7.998922e-18 1.050090e-16 1.011814e+04
1.27534282379732 1.798090e-15 -2.403563e-14 -5.085820e+05 1.809670e-15 -2.418776e-14 -5.187490e+05 -1.158013e-17 1.521311e-16 1.016704e+04
1.281124619300725 1.864670e-15 -2.492717e-14 -5.285841e+05 1.877830e-15 -2.510002e-14 -5.382927e+05 -1.316065e-17 1.728567e-16 9.708603e+03
1.286788094496658 1.942153e-15 -2.596394e-14 -5.516585e+05 1.955660e-15 -2.614103e-14 -5.606684e+05 -1.350665e-17 1.770963e-16 9.009923e+03
1.292364606283209 1.959063e-15 -2.619214e-14 -5.572327e+05 1.972050e-15 -2.636184e-14 -5.654281e+05 -1.298731e-17 1.697007e-16 8.195403e+03
1.297873931514353 1.984945e-15 -2.653917e-14 -5.652629e+05 1.996754e-15 -2.669260e-14 -5.725777e+05 -1.180807e-17 1.534342e-16 7.314845e+03
1.303338195734251 1.973747e-15 -2.639083e-14 -5.627914e+05 1.983851e-15 -2.652096e-14 -5.692115e+05 -1.010399e-17 1.301374e-16 6.420163e+03
1.30876638337469 2.108713e-15 -2.819584e-14 -6.016128e+05 2.116705e-15 -2.829726e-14 -6.071994e+05 -7.991909e-18 1.014228e-16 5.586602e+03
1.314174809371333 2.183460e-15 -2.919568e-14 -6.231180e+05 2.189084e-15 -2.926503e-14 -6.278828e+05 -5.624296e-18 6.934280e-17 4.764830e+03
1.319565819649533 2.119440e-15 -2.834043e-14 -6.053242e+05 2.122608e-15 -2.837657e-14 -6.092241e+05 -3.168078e-18 3.613830e-17 3.899903e+03
1.324927089484999 2.128350e-15 -2.845976e-14 -6.080962e+05 2.129013e-15 -2.846208e-14 -6.111085e+05 -6.637895e-19 2.319916e-18 3.012273e+03
1.330261161987275 2.043899e-15 -2.733112e-14 -5.843195e+05 2.041984e-15 -2.729866e-14 -5.864499e+05 1.915355e-18 -3.246339e-17 2.130342e+03
1.335417999417581 2.068318e-15 -2.765712e-14 -5.914112e+05 2.063949e-15 -2.759150e-14 -5.927864e+05 4.369503e-18 -6.561523e-17 1.375190e+03
1.340209289272981 2.170279e-15 -2.902060e-14 -6.206890e+05 2.163582e-15 -2.892351e-14 -6.214676e+05 6.696388e-18 -9.708543e-17 7.785793e+02
1.344719168002755 2.120442e-15 -2.835432e-14 -6.065800e+05 2.111482e-15 -2.822661e-14 -6.069263e+05 8.960678e-18 -1.277087e-16 3.463055e+02
1.349008419850128 2.096968e-15 -2.803850e-14 -5.998452e+05 2.085899e-15 -2.788228e-14 -6.000220e+05 1.106846e-17 -1.562237e-16 1.767580e+02
1.353120892718977 2.004899e-15 -2.680845e-14 -5.732017e+05 1.991893e-15 -2.662602e-14 -5.733922e+05 1.300534e-17 -1.824365e-16 1.904704e+02
1.357092662957287 1.927912e-15 -2.577912e-14 -5.507673e+05 1.913221e-15 -2.557385e-14 -5.510197e+05 1.469064e-17 -2.052694e-16 2.524523e+02
1.360954730798901 1.865974e-15 -2.495113e-14 -5.324972e+05 1.849824e-15 -2.472609e-14 -5.328877e+05 1.614961e-17 -2.250439e-16 3.904873e+02
1.364735547922462 1.820781e-15 -2.434683e-14 -5.190014e+05 1.803309e-15 -2.410387e-14 -5.195825e+05 1.747226e-17 -2.429568e-16 5.811360e+02
1.368462344840598 1.765862e-15 -2.361250e-14 -5.027600e+05 1.747126e-15 -2.335246e-14 -5.035881e+05 1.873605e-17 -2.600409e-16 8.281162e+02
1.372162267262107 1.736264e-15 -2.321672e-14 -4.936080e+05 1.716259e-15 -2.293957e-14 -4.947505e+05 2.000465e-17 -2.771486e-16 1.142420e+03
1.375864994721429 1.739111e-15 -2.325510e-14 -4.936362e+05 1.717794e-15 -2.296028e-14 -4.951353e+05 2.131717e-17 -2.948116e-16 1.499043e+03
1.379605070206495 1.740322e-15 -2.327074e-14 -4.930618e+05 1.717606e-15 -2.295712e-14 -4.949875e+05 2.271670e-17 -3.136158e-16 1.925733e+03
1.383422530555969 1.790708e-15 -2.394422e-14 -5.063293e+05 1.766525e-15 -2.361093e-14 -5.087642e+05 2.418304e-17 -3.332952e-16 2.434827e+03
1.387361463765356 1.743313e-15 -2.331074e-14 -4.917468e+05 1.717683e-15 -2.295805e-14 -4.947675e+05 2.563003e-17 -3.526899e-16 3.020693e+03
1.391466894144597 1.683108e-15 -2.250621e-14 -4.734828e+05 1.656075e-15 -2.213475e-14 -4.771618e+05 2.703237e-17 -3.714646e-16 3.678975e+03
1.395780655524878 1.673781e-15 -2.238167e-14 -4.696229e+05 1.645425e-15 -2.199252e-14 -4.740378e+05 2.835574e-17 -3.891568e-16 4.414879e+03
1.400334121231676 1.680229e-15 -2.246736e-14 -4.701094e+05 1.650751e-15 -2.206324e-14 -4.753766e+05 2.947771e-17 -4.041214e-16 5.267213e+03
1.405144888054802 1.677101e-15 -2.242577e-14 -4.679119e+05 1.646720e-15 -2.200965e-14 -4.741153e+05 3.038049e-17 -4.161277e-16 6.203342e+03
1.410218089709871 1.661676e-15 -2.221975e-14 -4.622559e+05 1.630599e-15 -2.179441e-14 -4.693978e+05 3.107666e-17 -4.253412e-16 7.141913e+03
1.415553600522067 1.641088e-15 -2.194460e-14 -4.552057e+05 1.609477e-15 -2.151222e-14 -4.632882e+05 3.161101e-17 -4.323797e-16 8.082454e+03
1.421152069967917 1.602092e-15 -2.142337e-14 -4.430753e+05 1.570125e-15 -2.098639e-14 -4.520526e+05 3.196642e-17 -4.369825e-16 8.977362e+03
1.427013728685966 1.564179e-15 -2.091655e-14 -4.314269e+05 1.532010e-15 -2.047706e-14 -4.412129e+05 3.216813e-17 -4.394862e-16 9.786005e+03
1.433132477985345 1.532440e-15 -2.049219e-14 -4.217464e+05 1.500238e-15 -2.005249e-14 -4.322265e+05 3.220279e-17 -4.397027e-16 1.048006e+04
1.439493611435584 1.550926e-15 -2.073918e-14 -4.265724e+05 1.518867e-15 -2.030170e-14 -4.376171e+05 3.205922e-17 -4.374794e-16 1.104471e+04
1.446083783595838 1.526520e-15 -2.041270e-14 -4.194778e+05 1.494851e-15 -1.998080e-14 -4.309370e+05 3.166849e-17 -4.319069e-16 1.145918e+04
1.452901103912813 1.535865e-15 -2.053733e-14 -4.222320e+05 1.504919e-15 -2.011543e-14 -4.339848e+05 3.094667e-17 -4.218974e-16 1.175278e+04
1.459967858755971 1.525943e-15 -2.040439e-14 -4.197631e+05 1.496141e-15 -1.999812e-14 -4.316807e+05 2.980156e-17 -4.062706e-16 1.191764e+04
1.467291308310645 1.494597e-15 -1.998505e-14 -4.114713e+05 1.466403e-15 -1.960053e-14 -4.234030e+05 2.819416e-17 -3.845284e-16 1.193172e+04
1.474652967637603 1.483602e-15 -1.983776e-14 -4.091258e+05 1.457253e-15 -1.947811e-14 -4.209527e+05 2.634908e-17 -3.596505e-16 1.182693e+04
1.482016384178392 1.494108e-15 -1.997781e-14 -4.129099e+05 1.469620e-15 -1.964326e-14 -4.245862e+05 2.448813e-17 -3.345450e-16 1.167627e+04
1.48941253631888 1.514485e-15 -2.024973e-14 -4.194020e+05 1.491822e-15 -1.993984e-14 -4.309756e+05 2.266320e-17 -3.098909e-16 1.157355e+04
1.496835048504326 1.560908e-15 -2.086979e-14 -4.331368e+05 1.540007e-15 -2.058374e-14 -4.446968e+05 2.090134e-17 -2.860550e-16 1.155995e+04
1.504291264594153 1.498118e-15 -2.003000e-14 -4.156625e+05 1.478769e-15 -1.976496e-14 -4.272944e+05 1.934873e-17 -2.650402e-16 1.163191e+04
1.511810790054803 1.442666e-15 -1.928835e-14 -4.000729e+05 1.424614e-15 -1.904087e-14 -4.118610e+05 1.805150e-17 -2.474802e-16 1.178816e+04
1.519441       1.415574e-15 -1.892585e-14 -3.923902e+05 1.398633e-15 -1.869339e-14 -4.044009e+05 1.694103e-17 -2.324650e-16 1.201072e+04
1.52696        1.390626e-15 -1.859205e-14 -3.852585e+05 1.374772e-15 -1.837419e-14 -3.975233e+05 1.585400e-17 -2.178579e-16 1.226476e+04
1.534142       1.373808e-15 -1.836700e-14 -3.804249e+05 1.359007e-15 -1.816327e-14 -3.929344e+05 1.480098e-17 -2.037328e-16 1.250955e+04
1.541012       1.363324e-15 -1.822666e-14 -3.773951e+05 1.349565e-15 -1.803689e-14 -3.901321e+05 1.375936e-17 -1.897656e-16 1.273703e+04
1.547639       1.379523e-15 -1.844297e-14 -3.819690e+05 1.366892e-15 -1.826838e-14 -3.949310e+05 1.263046e-17 -1.745941e-16 1.296199e+04
1.5541432      1.220628e-15 -1.631882e-14 -3.368524e+05 1.209170e-15 -1.616002e-14 -3.500177e+05 1.145786e-17 -1.587982e-16 1.316529e+04
1.5606907      1.217210e-15 -1.627292e-14 -3.359311e+05 1.206976e-15 -1.613064e-14 -3.492827e+05 1.023456e-17 -1.422713e-16 1.335152e+04
1.5674583      1.215541e-15 -1.625033e-14 -3.355580e+05 1.206669e-15 -1.612649e-14 -3.490866e+05 8.872348e-18 -1.238341e-16 1.352859e+04
1.5742927      1.193054e-15 -1.594938e-14 -3.293529e+05 1.185740e-15 -1.584662e-14 -3.430646e+05 7.313729e-18 -1.027592e-16 1.371172e+04
1.5812244      1.155886e-15 -1.545215e-14 -3.190056e+05 1.150343e-15 -1.537339e-14 -3.329230e+05 5.543175e-18 -7.876156e-17 1.391746e+04
1.58832567     1.123650e-15 -1.502078e-14 -3.100934e+05 1.120033e-15 -1.496814e-14 -3.242516e+05 3.617161e-18 -5.263754e-17 1.415819e+04
1.59564076     1.188471e-15 -1.588678e-14 -3.286935e+05 1.186867e-15 -1.586145e-14 -3.431452e+05 1.603984e-18 -2.533361e-17 1.445161e+04
1.6031941      1.118107e-15 -1.494573e-14 -3.088806e+05 1.118588e-15 -1.494867e-14 -3.236621e+05 -4.813042e-19 2.939926e-18 1.478145e+04
1.61099966     1.071640e-15 -1.432413e-14 -2.957909e+05 1.074150e-15 -1.435456e-14 -3.109539e+05 -2.510130e-18 3.042955e-17 1.516300e+04
1.61879952     1.003036e-15 -1.340668e-14 -2.763078e+05 1.007502e-15 -1.346352e-14 -2.919105e+05 -4.466117e-18 5.684080e-17 1.560272e+04
1.626442155    1.000105e-15 -1.336714e-14 -2.753613e+05 1.006317e-15 -1.344754e-14 -2.914727e+05 -6.212378e-18 8.040010e-17 1.611137e+04
1.633943511    9.017680e-16 -1.205231e-14 -2.472574e+05 9.097147e-16 -1.215613e-14 -2.639423e+05 -7.946625e-18 1.038165e-16 1.668482e+04
1.641320057    8.623511e-16 -1.152499e-14 -2.358934e+05 8.720753e-16 -1.165284e-14 -2.532031e+05 -9.724148e-18 1.278500e-16 1.730979e+04
1.648583494    8.459559e-16 -1.130546e-14 -2.309809e+05 8.572798e-16 -1.145493e-14 -2.489493e+05 -1.132391e-17 1.494746e-16 1.796844e+04
1.655742646    8.070036e-16 -1.078448e-14 -2.195942e+05 8.196965e-16 -1.095244e-14 -2.382309e+05 -1.269286e-17 1.679623e-16 1.863670e+04
1.6628053615   7.725638e-16 -1.032391e-14 -2.094287e+05 7.863687e-16 -1.050686e-14 -2.287245e+05 -1.380483e-17 1.829575e-16 1.929579e+04
1.6697781914   7.509789e-16 -1.003524e-14 -2.028803e+05 7.656486e-16 -1.022984e-14 -2.228033e+05 -1.466973e-17 1.945991e-16 1.992297e+04
1.6766666601   7.276837e-16 -9.723808e-15 -1.958176e+05 7.429640e-16 -9.926598e-15 -2.163306e+05 -1.528030e-17 2.027903e-16 2.051291e+04
1.6834759839   6.857892e-16 -9.163787e-15 -1.833781e+05 7.014003e-16 -9.370959e-15 -2.045453e+05 -1.561109e-17 2.071726e-16 2.116729e+04
1.690211608    6.484915e-16 -8.665247e-15 -1.722264e+05 6.642900e-16 -8.874872e-15 -1.940174e+05 -1.579853e-17 2.096259e-16 2.179101e+04
1.69687847232  6.080439e-16 -8.124636e-15 -1.602120e+05 6.239281e-16 -8.335353e-15 -1.825597e+05 -1.588421e-17 2.107172e-16 2.234769e+04
1.70348057934  6.150691e-16 -8.218618e-15 -1.617145e+05 6.309498e-16 -8.429230e-15 -1.845567e+05 -1.588071e-17 2.106129e-16 2.284222e+04
1.7100215349   5.892747e-16 -7.873900e-15 -1.539314e+05 6.050963e-16 -8.083668e-15 -1.772151e+05 -1.582157e-17 2.097676e-16 2.328374e+04
1.71650581209  5.487993e-16 -7.332941e-15 -1.420135e+05 5.645332e-16 -7.541490e-15 -1.656923e+05 -1.573393e-17 2.085489e-16 2.367880e+04
1.72293832773  5.107737e-16 -6.824722e-15 -1.308256e+05 5.264099e-16 -7.031927e-15 -1.548591e+05 -1.563619e-17 2.072052e-16 2.403355e+04
1.729323518487 4.643303e-16 -6.203980e-15 -1.172713e+05 4.798675e-16 -6.409836e-15 -1.416254e+05 -1.553726e-17 2.058562e-16 2.435404e+04
1.735665876529 4.205885e-16 -5.619339e-15 -1.045154e+05 4.360329e-16 -5.823938e-15 -1.291582e+05 -1.544432e-17 2.045988e-16 2.464278e+04
1.741969216833 3.788108e-16 -5.060930e-15 -9.234506e+04 3.941620e-16 -5.264280e-15 -1.172532e+05 -1.535115e-17 2.033498e-16 2.490818e+04
1.74823631989  5.072144e-16 -6.777337e-15 -1.285226e+05 5.224753e-16 -6.979490e-15 -1.536762e+05 -1.526091e-17 2.021524e-16 2.515362e+04
1.754465621734 4.229102e-16 -5.650443e-15 -1.043006e+05 4.380774e-16 -5.851363e-15 -1.296826e+05 -1.516728e-17 2.009200e-16 2.538206e+04
1.7606603792493 3.767722e-16 -5.033708e-15 -9.092836e+04 3.918395e-16 -5.233321e-15 -1.165228e+05 -1.506731e-17 1.996131e-16 2.559447e+04
1.7668235049514 3.351765e-16 -4.477678e-15 -7.885413e+04 3.501410e-16 -4.675954e-15 -1.046483e+05 -1.496447e-17 1.982766e-16 2.579419e+04
1.7729574532066 2.994308e-16 -3.999837e-15 -6.845151e+04 3.142883e-16 -4.196728e-15 -9.443206e+04 -1.485751e-17 1.968910e-16 2.598056e+04
1.7790642513196 3.256821e-16 -4.350711e-15 -7.566886e+04 3.404318e-16 -4.546211e-15 -1.018230e+05 -1.474976e-17 1.954995e-16 2.615412e+04
1.7851441806057 3.233240e-16 -4.319165e-15 -7.477834e+04 3.379644e-16 -4.513251e-15 -1.010898e+05 -1.464038e-17 1.940862e-16 2.631146e+04
1.79119747901265 2.809075e-16 -3.752147e-15 -6.252873e+04 2.954456e-16 -3.944916e-15 -8.898242e+04 -1.453808e-17 1.927693e-16 2.645369e+04
1.79722576838021 2.410135e-16 -3.218857e-15 -5.101535e+04 2.554576e-16 -3.410420e-15 -7.759604e+04 -1.444408e-17 1.915631e-16 2.658069e+04
1.8032308231967 2.285815e-16 -3.052640e-15 -4.732046e+04 2.429391e-16 -3.243095e-15 -7.401294e+04 -1.435762e-17 1.904555e-16 2.669249e+04
1.80921380324162 2.324389e-16 -3.104180e-15 -4.827281e+04 2.467155e-16 -3.293596e-15 -7.506123e+04 -1.427655e-17 1.894163e-16 2.678841e+04
1.81517531901399 2.210429e-16 -2.951812e-15 -4.491203e+04 2.352340e-16 -3.140123e-15 -7.177928e+04 -1.419104e-17 1.883104e-16 2.686725e+04
1.821116512288972 2.155356e-16 -2.878165e-15 -4.324324e+04 2.296198e-16 -3.065070e-15 -7.016857e+04 -1.408413e-17 1.869053e-16 2.692532e+04
1.827038914239354 2.060604e-16 -2.751509e-15 -4.047534e+04 2.200018e-16 -2.936511e-15 -6.742899e+04 -1.394133e-17 1.850023e-16 2.695364e+04
1.832943993615217 1.783859e-16 -2.381602e-15 -3.256828e+04 1.921735e-16 -2.564548e-15 -5.952375e+04 -1.378764e-17 1.829455e-16 2.695547e+04
1.83883343414047 1.726872e-16 -2.305450e-15 -3.092554e+04 1.863203e-16 -2.486323e-15 -5.786063e+04 -1.363313e-17 1.808735e-16 2.693509e+04
1.84470857323779 1.613237e-16 -2.153586e-15 -2.769862e+04 1.747959e-16 -2.332295e-15 -5.458968e+04 -1.347219e-17 1.787093e-16 2.689107e+04
1.850570697056772 1.430604e-16 -1.909490e-15 -2.253466e+04 1.563699e-16 -2.086007e-15 -4.935998e+04 -1.330946e-17 1.765173e-16 2.682532e+04
1.856421209318348 1.249394e-16 -1.667311e-15 -1.743226e+04 1.380753e-16 -1.841486e-15 -4.417022e+04 -1.313596e-17 1.741753e-16 2.673796e+04
1.862261403130649 1.232212e-16 -1.644390e-15 -1.700746e+04 1.361722e-16 -1.816064e-15 -4.363737e+04 -1.295101e-17 1.716742e-16 2.662991e+04
1.868092347750951 1.156147e-16 -1.542767e-15 -1.492879e+04 1.283610e-16 -1.711668e-15 -4.142870e+04 -1.274632e-17 1.689009e-16 2.649991e+04
1.873915347251038 6.219636e-17 -8.287693e-16 1.433036e+02 7.471939e-17 -9.946406e-16 -2.620510e+04 -1.252303e-17 1.658713e-16 2.634840e+04
1.879732519582998 7.969067e-17 -1.062687e-15 -4.946592e+03 9.195641e-17 -1.225062e-15 -3.111549e+04 -1.226574e-17 1.623746e-16 2.616890e+04
1.885544738284853 1.082701e-16 -1.444817e-15 -1.321772e+04 1.202201e-16 -1.602890e-15 -3.916624e+04 -1.194993e-17 1.580733e-16 2.594852e+04
1.891352335335357 1.109410e-16 -1.480676e-15 -1.416685e+04 1.225779e-16 -1.634486e-15 -3.986408e+04 -1.163695e-17 1.538099e-16 2.569723e+04
1.897155914734999 8.432113e-17 -1.124975e-15 -6.813612e+03 9.568330e-17 -1.275046e-15 -3.224829e+04 -1.136218e-17 1.500709e-16 2.543468e+04
1.902956593778012 9.859506e-17 -1.315810e-15 -1.107750e+04 1.096894e-16 -1.462238e-15 -3.624125e+04 -1.109436e-17 1.464278e-16 2.516375e+04
1.90875530709949 1.003292e-16 -1.339147e-15 -1.181192e+04 1.110392e-16 -1.480332e-15 -3.665544e+04 -1.070998e-17 1.411851e-16 2.484352e+04
1.914552757932048 1.114472e-16 -1.487940e-15 -1.524563e+04 1.217517e-16 -1.623592e-15 -3.973497e+04 -1.030442e-17 1.356518e-16 2.448934e+04
1.920349377091719 1.232679e-16 -1.646131e-15 -1.890198e+04 1.331761e-16 -1.776378e-15 -4.301824e+04 -9.908179e-18 1.302471e-16 2.411627e+04
1.92614542313076 1.507200e-16 -2.013260e-15 -2.701415e+04 1.602452e-16 -2.138284e-15 -5.074377e+04 -9.525160e-18 1.250240e-16 2.372963e+04
1.931940622108522 1.854342e-16 -2.477451e-15 -3.719342e+04 1.945920e-16 -2.597467e-15 -6.053355e+04 -9.157735e-18 1.200154e-16 2.334013e+04
1.937734524655435 1.968950e-16 -2.630804e-15 -4.076300e+04 2.056948e-16 -2.745942e-15 -6.371980e+04 -8.799754e-18 1.151382e-16 2.295680e+04
1.943527302004461 2.012219e-16 -2.688778e-15 -4.228978e+04 2.096717e-16 -2.799152e-15 -6.487851e+04 -8.449826e-18 1.103742e-16 2.258873e+04
1.949319338490204 2.165824e-16 -2.894228e-15 -4.692476e+04 2.246909e-16 -2.999958e-15 -6.916947e+04 -8.108470e-18 1.057305e-16 2.224471e+04
1.955110566104895 2.448188e-16 -3.271766e-15 -5.518769e+04 2.526016e-16 -3.373071e-15 -7.711715e+04 -7.782862e-18 1.013045e-16 2.192946e+04
1.960901035546038 2.213221e-16 -2.957776e-15 -4.872861e+04 2.288003e-16 -3.054943e-15 -7.037325e+04 -7.478197e-18 9.716669e-17 2.164464e+04
1.966691656429394 2.113373e-16 -2.824385e-15 -4.608081e+04 2.185350e-16 -2.917744e-15 -6.747001e+04 -7.197668e-18 9.335943e-17 2.138920e+04
1.972483155279471 2.275870e-16 -3.041660e-15 -5.086337e+04 2.345333e-16 -3.131609e-15 -7.202379e+04 -6.946332e-18 8.994880e-17 2.116042e+04
1.978275750418009 2.165722e-16 -2.894477e-15 -4.788448e+04 2.233047e-16 -2.981528e-15 -6.884240e+04 -6.732596e-18 8.705066e-17 2.095792e+04
1.984069958246769 2.127485e-16 -2.843403e-15 -4.693818e+04 2.193154e-16 -2.928211e-15 -6.771357e+04 -6.566939e-18 8.480768e-17 2.077539e+04
1.989866366658313 2.027855e-16 -2.710261e-15 -4.424357e+04 2.092338e-16 -2.793464e-15 -6.485024e+04 -6.448260e-18 8.320296e-17 2.060667e+04
1.995665512204758 1.934089e-16 -2.584956e-15 -4.172150e+04 1.997843e-16 -2.667176e-15 -6.216663e+04 -6.375340e-18 8.221924e-17 2.044514e+04
2.001467944166631 1.957111e-16 -2.615721e-15 -4.251767e+04 2.020449e-16 -2.697383e-15 -6.280995e+04 -6.333813e-18 8.166239e-17 2.029228e+04
2.007274040778164 1.989733e-16 -2.659312e-15 -4.358048e+04 2.052905e-16 -2.740756e-15 -6.372860e+04 -6.317131e-18 8.144356e-17 2.014812e+04
2.013083734918983 2.284222e-16 -3.052932e-15 -5.207511e+04 2.347442e-16 -3.134451e-15 -7.208694e+04 -6.322008e-18 8.151835e-17 2.001184e+04
2.018896549556259 2.200790e-16 -2.941383e-15 -4.983228e+04 2.264212e-16 -3.023184e-15 -6.971321e+04 -6.342206e-18 8.180151e-17 1.988093e+04
2.02471277526342 1.991548e-16 -2.661661e-15 -4.401422e+04 2.055276e-16 -2.743887e-15 -6.376711e+04 -6.372789e-18 8.222655e-17 1.975289e+04
2.030533068589254 2.050442e-16 -2.740359e-15 -4.581013e+04 2.114507e-16 -2.823053e-15 -6.543655e+04 -6.406503e-18 8.269430e-17 1.962643e+04
2.036357323433055 1.981462e-16 -2.648129e-15 -4.397537e+04 2.045838e-16 -2.731254e-15 -6.347345e+04 -6.437631e-18 8.312509e-17 1.949809e+04
2.04218571198917 1.893325e-16 -2.530296e-15 -4.159662e+04 1.957975e-16 -2.613798e-15 -6.096558e+04 -6.464950e-18 8.350278e-17 1.936895e+04
2.048018581771503 1.874167e-16 -2.504670e-15 -4.117760e+04 1.939042e-16 -2.588484e-15 -6.041537e+04 -6.487521e-18 8.381404e-17 1.923777e+04
2.053855921651392 2.041900e-16 -2.728870e-15 -4.606768e+04 2.106923e-16 -2.812888e-15 -6.517139e+04 -6.502381e-18 8.401821e-17 1.910371e+04
2.059697291957307 2.104878e-16 -2.813049e-15 -4.798267e+04 2.169956e-16 -2.897141e-15 -6.695019e+04 -6.507838e-18 8.409235e-17 1.896752e+04
2.065542633136922 2.047634e-16 -2.736533e-15 -4.648132e+04 2.112649e-16 -2.820537e-15 -6.531165e+04 -6.501499e-18 8.400469e-17 1.883033e+04
2.071392080707007 2.119353e-16 -2.832404e-15 -4.864018e+04 2.184195e-16 -2.916170e-15 -6.733291e+04 -6.484202e-18 8.376661e-17 1.869273e+04
2.077245600174115 2.035853e-16 -2.720795e-15 -4.638491e+04 2.100409e-16 -2.804170e-15 -6.494226e+04 -6.455656e-18 8.337455e-17 1.855735e+04
2.083103392333959 2.087322e-16 -2.789612e-15 -4.795730e+04 2.151466e-16 -2.872421e-15 -6.638186e+04 -6.414402e-18 8.280913e-17 1.842457e+04
2.088965486274091 2.040341e-16 -2.726836e-15 -4.672591e+04 2.103931e-16 -2.808887e-15 -6.502218e+04 -6.359023e-18 8.205139e-17 1.829627e+04
2.094832100325574 1.963994e-16 -2.624813e-15 -4.465124e+04 2.026882e-16 -2.705905e-15 -6.282488e+04 -6.288815e-18 8.109202e-17 1.817364e+04
2.100703471425132 1.961389e-16 -2.621365e-15 -4.465883e+04 2.023438e-16 -2.701312e-15 -6.271758e+04 -6.204951e-18 7.994707e-17 1.805875e+04
2.106579725136245 1.860100e-16 -2.486015e-15 -4.185021e+04 1.921141e-16 -2.564586e-15 -5.980359e+04 -6.104144e-18 7.857162e-17 1.795337e+04
2.112461107918405 1.950917e-16 -2.607462e-15 -4.448315e+04 2.010812e-16 -2.684469e-15 -6.234148e+04 -5.989461e-18 7.700736e-17 1.785833e+04
2.118347511715419 2.073227e-16 -2.771011e-15 -4.798969e+04 2.131866e-16 -2.846306e-15 -6.577020e+04 -5.863879e-18 7.529503e-17 1.778051e+04
2.124238644374727 2.341168e-16 -3.129226e-15 -5.561022e+04 2.398395e-16 -3.202596e-15 -7.333107e+04 -5.722731e-18 7.337060e-17 1.772085e+04
2.130133832200553 2.447841e-16 -3.271877e-15 -5.862185e+04 2.503557e-16 -3.343187e-15 -7.630828e+04 -5.571601e-18 7.131017e-17 1.768643e+04
2.13603284795854 2.416902e-16 -3.230579e-15 -5.768878e+04 2.471009e-16 -3.299695e-15 -7.537191e+04 -5.410688e-18 6.911659e-17 1.768313e+04
2.141935743566191 2.255701e-16 -3.015165e-15 -5.301704e+04 2.308086e-16 -3.081935e-15 -7.073077e+04 -5.238501e-18 6.676937e-17 1.771372e+04
2.147843133553438 2.160228e-16 -2.887627e-15 -5.017283e+04 2.210793e-16 -2.951916e-15 -6.795287e+04 -5.056495e-18 6.428906e-17 1.778005e+04
2.15375550442877 2.070168e-16 -2.767310e-15 -4.744106e+04 2.118834e-16 -2.829012e-15 -6.532437e+04 -4.866572e-18 6.170215e-17 1.788331e+04
2.159673050245496 2.231903e-16 -2.983555e-15 -5.181412e+04 2.278671e-16 -3.042674e-15 -6.984144e+04 -4.676805e-18 5.911878e-17 1.802732e+04
2.165595321927752 2.439289e-16 -3.260825e-15 -5.743978e+04 2.484259e-16 -3.317496e-15 -7.565380e+04 -4.497004e-18 5.667194e-17 1.821403e+04
2.17152168162221 2.682663e-16 -3.586197e-15 -6.404960e+04 2.726016e-16 -3.640670e-15 -8.249086e+04 -4.335335e-18 5.447280e-17 1.844126e+04
2.177451485651567 2.757133e-16 -3.685790e-15 -6.583205e+04 2.799141e-16 -3.738433e-15 -8.453697e+04 -4.200781e-18 5.264339e-17 1.870492e+04
2.183384542365221 2.609492e-16 -3.488476e-15 -6.128729e+04 2.650512e-16 -3.539777e-15 -8.028458e+04 -4.102008e-18 5.130151e-17 1.899729e+04
2.189321292509163 2.394219e-16 -3.200746e-15 -5.481609e+04 2.434612e-16 -3.251195e-15 -7.412186e+04 -4.039322e-18 5.044961e-17 1.930577e+04
2.19526241526363 2.378146e-16 -3.179283e-15 -5.400176e+04 2.418335e-16 -3.229453e-15 -7.362983e+04 -4.018875e-18 5.017089e-17 1.962807e+04
2.201208096983712 2.446111e-16 -3.270148e-15 -5.558391e+04 2.486560e-16 -3.320670e-15 -7.553994e+04 -4.044923e-18 5.052283e-17 1.995603e+04
2.20715816600869 2.541851e-16 -3.398169e-15 -5.796489e+04 2.583027e-16 -3.449676e-15 -7.824590e+04 -4.117567e-18 5.150634e-17 2.028101e+04
2.213112493738148 2.615511e-16 -3.496649e-15 -5.977891e+04 2.657837e-16 -3.549713e-15 -8.036191e+04 -4.232675e-18 5.306385e-17 2.058300e+04
2.219070687125557 2.702416e-16 -3.612783e-15 -6.199500e+04 2.746231e-16 -3.667862e-15 -8.286706e+04 -4.381466e-18 5.507890e-17 2.087206e+04
2.225032563939906 2.444881e-16 -3.268504e-15 -5.445764e+04 2.490497e-16 -3.326024e-15 -7.559364e+04 -4.561686e-18 5.752007e-17 2.113600e+04
2.230998786275949 2.506525e-16 -3.350874e-15 -5.602239e+04 2.554145e-16 -3.411106e-15 -7.739160e+04 -4.762021e-18 6.023166e-17 2.136921e+04
2.236969413245339 2.668457e-16 -3.567312e-15 -6.048893e+04 2.718183e-16 -3.630390e-15 -8.204403e+04 -4.972548e-18 6.307800e-17 2.155510e+04
2.242943944345018 2.800841e-16 -3.744256e-15 -6.416115e+04 2.852717e-16 -3.810241e-15 -8.586063e+04 -5.187635e-18 6.598444e-17 2.169948e+04
2.248922046776394 2.920041e-16 -3.903580e-15 -6.749926e+04 2.974000e-16 -3.972379e-15 -8.930306e+04 -5.395951e-18 6.879814e-17 2.180380e+04
2.254903197287236 3.107443e-16 -4.154076e-15 -7.280700e+04 3.163251e-16 -4.225369e-15 -9.467669e+04 -5.580853e-18 7.129320e-17 2.186968e+04
2.260886791533526 3.264263e-16 -4.363702e-15 -7.727391e+04 3.321567e-16 -4.437009e-15 -9.917325e+04 -5.730390e-18 7.330741e-17 2.189934e+04
2.266873023853251 2.817741e-16 -3.766844e-15 -6.462686e+04 2.876096e-16 -3.841562e-15 -8.652175e+04 -5.835421e-18 7.471722e-17 2.189489e+04
2.272862652375598 3.007611e-16 -4.020656e-15 -7.007862e+04 3.066783e-16 -4.096471e-15 -9.194211e+04 -5.917244e-18 7.581489e-17 2.186349e+04
2.278855231492345 3.056014e-16 -4.085378e-15 -7.152552e+04 3.115584e-16 -4.161721e-15 -9.333226e+04 -5.957026e-18 7.634339e-17 2.180674e+04
2.284850550905145 3.102386e-16 -4.147391e-15 -7.292373e+04 3.161875e-16 -4.223614e-15 -9.465207e+04 -5.948862e-18 7.622295e-17 2.172833e+04
2.290848379907024 3.263437e-16 -4.362699e-15 -7.758641e+04 3.322445e-16 -4.438262e-15 -9.921887e+04 -5.900791e-18 7.556331e-17 2.163246e+04
2.296848358841387 3.367139e-16 -4.501356e-15 -8.061925e+04 3.425132e-16 -4.575534e-15 -1.021438e+05 -5.799279e-18 7.417750e-17 2.152457e+04
2.302850590186065 3.132803e-16 -4.188154e-15 -7.404620e+04 3.189468e-16 -4.260525e-15 -9.546025e+04 -5.666538e-18 7.237105e-17 2.141405e+04
2.308855488960516 3.174490e-16 -4.243921e-15 -7.531015e+04 3.229466e-16 -4.313995e-15 -9.660761e+04 -5.497579e-18 7.007426e-17 2.129747e+04
2.314862995890584 3.293698e-16 -4.403327e-15 -7.877544e+04 3.346357e-16 -4.470249e-15 -9.994272e+04 -5.265912e-18 6.692197e-17 2.116728e+04
2.320872753107483 3.260959e-16 -4.359628e-15 -7.792235e+04 3.310975e-16 -4.422954e-15 -9.895440e+04 -5.001587e-18 6.332599e-17 2.103205e+04
2.326884950814448 3.101354e-16 -4.146331e-15 -7.347044e+04 3.148810e-16 -4.206180e-15 -9.436952e+04 -4.745593e-18 5.984889e-17 2.089908e+04
2.332900014872694 3.344088e-16 -4.470838e-15 -8.045073e+04 3.389159e-16 -4.527451e-15 -1.012162e+05 -4.507032e-18 5.661271e-17 2.076543e+04
2.338917691988491 3.090763e-16 -4.132266e-15 -7.333796e+04 3.133333e-16 -4.185484e-15 -9.397178e+04 -4.256976e-18 5.321814e-17 2.063382e+04
2.344938314595523 3.149965e-16 -4.211437e-15 -7.509165e+04 3.190376e-16 -4.261730e-15 -9.561347e+04 -4.041078e-18 5.029302e-17 2.052183e+04
2.350961701332412 3.143350e-16 -4.202624e-15 -7.497783e+04 3.181773e-16 -4.250228e-15 -9.538642e+04 -3.842347e-18 4.760390e-17 2.040859e+04
2.356987863846972 3.147878e-16 -4.208712e-15 -7.519409e+04 3.184254e-16 -4.253544e-15 -9.547351e+04 -3.637642e-18 4.483120e-17 2.027941e+04
2.363016695434855 3.219972e-16 -4.305115e-15 -7.733758e+04 3.254363e-16 -4.347256e-15 -9.748069e+04 -3.439118e-18 4.214109e-17 2.014311e+04
2.369047653462053 3.623278e-16 -4.844247e-15 -8.889297e+04 3.655871e-16 -4.883952e-15 -1.088997e+05 -3.259311e-18 3.970502e-17 2.000671e+04
2.375080112430015 3.526325e-16 -4.714670e-15 -8.624452e+04 3.557276e-16 -4.752149e-15 -1.061144e+05 -3.095131e-18 3.747919e-17 1.986986e+04
2.381114069129953 3.274570e-16 -4.378168e-15 -7.920571e+04 3.304041e-16 -4.413639e-15 -9.893433e+04 -2.947120e-18 3.547123e-17 1.972862e+04
2.38715002781208 3.236315e-16 -4.327046e-15 -7.822538e+04 3.264294e-16 -4.360502e-15 -9.781923e+04 -2.797874e-18 3.345643e-17 1.959385e+04
2.39318815953796 3.257229e-16 -4.355011e-15 -7.891872e+04 3.283850e-16 -4.386639e-15 -9.838880e+04 -2.662161e-18 3.162748e-17 1.947007e+04
2.399228202182934 3.318113e-16 -4.436403e-15 -8.074273e+04 3.343485e-16 -4.466347e-15 -1.000974e+05 -2.537243e-18 2.994358e-17 1.935467e+04
2.405269922360922 3.330627e-16 -4.453147e-15 -8.119208e+04 3.354846e-16 -4.481533e-15 -1.004359e+05 -2.421874e-18 2.838640e-17 1.924381e+04
2.411313423902188 3.079134e-16 -4.116986e-15 -7.414228e+04 3.102312e-16 -4.143968e-15 -9.327988e+04 -2.317788e-18 2.698177e-17 1.913761e+04
2.417359370814116 3.151530e-16 -4.213768e-15 -7.629070e+04 3.173766e-16 -4.239478e-15 -9.532572e+04 -2.223678e-18 2.570998e-17 1.903501e+04
2.423407784248836 3.128082e-16 -4.182438e-15 -7.571805e+04 3.149516e-16 -4.207062e-15 -9.465377e+04 -2.143430e-18 2.462401e-17 1.893572e+04
2.429458495849409 3.490763e-16 -4.667246e-15 -8.611371e+04 3.511469e-16 -4.690884e-15 -1.049511e+05 -2.070544e-18 2.363778e-17 1.883737e+04
2.435510638560123 3.860333e-16 -5.161266e-15 -9.670816e+04 3.880381e-16 -5.184013e-15 -1.154472e+05 -2.004758e-18 2.274713e-17 1.873905e+04
2.441563050565803 3.826370e-16 -5.115885e-15 -9.584640e+04 3.845829e-16 -5.137835e-15 -1.144858e+05 -1.945914e-18 2.194997e-17 1.863936e+04
2.447615818884731 3.472321e-16 -4.642621e-15 -8.589276e+04 3.491302e-16 -4.663925e-15 -1.044342e+05 -1.898160e-18 2.130402e-17 1.854148e+04
2.453669616752912 3.387508e-16 -4.529256e-15 -8.358596e+04 3.406102e-16 -4.550035e-15 -1.020312e+05 -1.859365e-18 2.077878e-17 1.844521e+04
2.459724583582316 3.309199e-16 -4.424586e-15 -8.146508e+04 3.327470e-16 -4.444927e-15 -9.981439e+04 -1.827089e-18 2.034155e-17 1.834931e+04
2.4657808861737 3.243978e-16 -4.337423e-15 -7.971436e+04 3.261938e-16 -4.357343e-15 -9.796518e+04 -1.796023e-18 1.991994e-17 1.825081e+04
2.471838675875648 3.310786e-16 -4.426794e-15 -8.173430e+04 3.328546e-16 -4.446440e-15 -9.986766e+04 -1.776057e-18 1.964613e-17 1.813337e+04
2.477897800916696 3.020030e-16 -4.038147e-15 -7.363435e+04 3.037593e-16 -4.057524e-15 -9.164562e+04 -1.756352e-18 1.937683e-17 1.801127e+04
2.483958613302853 3.073187e-16 -4.109195e-15 -7.528806e+04 3.090504e-16 -4.128237e-15 -9.317667e+04 -1.731707e-18 1.904214e-17 1.788861e+04
2.490021179288469 3.399304e-16 -4.545115e-15 -8.468854e+04 3.416337e-16 -4.563771e-15 -1.024529e+05 -1.703268e-18 1.865648e-17 1.776431e+04
2.496084571250613 3.402750e-16 -4.549715e-15 -8.492176e+04 3.419487e-16 -4.567971e-15 -1.025599e+05 -1.673696e-18 1.825616e-17 1.763818e+04
